1 1
2 2
3 1
4 0
5 1
6 2
7 1
8 0
9 1
10 0
11 1
12 0
13 -1
14 0
15 -1
16 0
17 1
18 0
19 1
20 0
21 -1
22 -2
23 -3
24 -4
25 -5
26 -6
27 -7
28 -8
29 -9
30 -10
31 -9
32 -8
33 -7
34 -8
35 -9
36 -10
37 -9
38 -10
39 -11
40 -10
41 -11
42 -10
43 -9
44 -10
45 -11
46 -12
47 -13
48 -14
49 -15
50 -14
51 -15
52 -16
53 -17
54 -16
55 -15
56 -14
57 -13
58 -12
59 -11
60 -12
61 -11
62 -10
63 -11
64 -10
65 -11
66 -10
67 -11
68 -12
69 -11
70 -10
71 -11
72 -10
73 -11
74 -12
75 -13
76 -14
77 -13
78 -12
79 -11
80 -10
81 -9
82 -8
83 -7
84 -8
85 -9
86 -10
87 -11
88 -12
89 -11
90 -10
91 -9
92 -8
93 -9
94 -8
95 -9
96 -10
97 -11
98 -12
99 -13
100 -14
101 -15
102 -16
103 -15
104 -16
105 -17
106 -16
107 -17
108 -18
109 -19
110 -20
111 -19
112 -20
113 -19
114 -18
115 -17
116 -18
117 -19
118 -18
119 -17
120 -16
121 -17
122 -18
123 -17
124 -16
125 -17
126 -16
127 -17
128 -18
129 -19
130 -20
131 -19
132 -18
133 -19
134 -20
135 -21
136 -22
137 -21
138 -22
139 -23
140 -24
141 -23
142 -24
143 -23
144 -24
145 -25
146 -26
147 -25
148 -24
149 -25
150 -26
151 -27
152 -28
153 -27
154 -26
155 -27
156 -26
157 -25
158 -26
159 -27
160 -28
161 -27
162 -28
163 -29
164 -30
165 -29
166 -28
167 -27
168 -28
169 -29
170 -30
171 -29
172 -30
173 -29
174 -28
175 -27
176 -26
177 -25
178 -24
179 -23
180 -24
181 -23
182 -22
183 -23
184 -22
185 -23
186 -24
187 -23
188 -22
189 -23
190 -24
191 -23
192 -22
193 -23
194 -22
195 -21
196 -22
197 -23
198 -24
199 -23
200 -22
201 -23
202 -22
203 -23
204 -22
205 -23
206 -24
207 -25
208 -24
209 -25
210 -24
211 -23
212 -24
213 -23
214 -22
215 -23
216 -24
217 -23
218 -22
219 -21
220 -22
221 -23
222 -22
223 -21
224 -20
225 -21
226 -22
227 -21
228 -22
229 -21
230 -22
231 -23
232 -22
233 -23
234 -22
235 -23
236 -24
237 -25
238 -24
239 -23
240 -22
241 -21
242 -20
243 -21
244 -20
245 -19
246 -20
247 -19
248 -20
249 -21
250 -20
251 -19
252 -20
253 -19
254 -18
255 -17
256 -16
257 -17
258 -16
259 -17
260 -16
261 -15
262 -16
263 -15
264 -14
265 -13
266 -14
267 -15
268 -16
269 -17
270 -16
271 -17
272 -16
273 -15
274 -16
275 -17
276 -16
277 -17
278 -16
279 -15
280 -14
281 -13
282 -14
283 -15
284 -16
285 -15
286 -16
287 -15
288 -16
289 -17
290 -18
291 -19
292 -20
293 -19
294 -18
295 -19
296 -20
297 -19
298 -18
299 -19
300 -18
301 -19
302 -20
303 -21
304 -20
305 -21
306 -20
307 -21
308 -20
309 -21
310 -20
311 -21
312 -22
313 -21
314 -22
315 -21
316 -22
317 -21
318 -22
319 -21
320 -20
321 -21
322 -20
323 -21
324 -22
325 -23
326 -22
327 -23
328 -24
329 -25
330 -26
331 -25
332 -24
333 -25
334 -26
335 -27
336 -26
337 -27
338 -28
339 -27
340 -26
341 -27
342 -26
343 -27
344 -26
345 -25
346 -24
347 -23
348 -22
349 -23
350 -24
351 -23
352 -24
353 -23
354 -24
355 -23
356 -22
357 -23
358 -24
359 -25
360 -26
361 -25
362 -26
363 -27
364 -26
365 -27
366 -26
367 -27
368 -28
369 -29
370 -28
371 -27
372 -28
373 -29
374 -28
375 -27
376 -26
377 -27
378 -28
379 -29
380 -28
381 -29
382 -28
383 -27
384 -28
385 -29
386 -28
387 -29
388 -28
389 -29
390 -30
391 -31
392 -32
393 -33
394 -34
395 -33
396 -32
397 -33
398 -32
399 -31
400 -30
401 -29
402 -28
403 -29
404 -28
405 -29
406 -28
407 -27
408 -26
409 -25
410 -24
411 -25
412 -26
413 -27
414 -28
415 -27
416 -28
417 -29
418 -28
419 -27
420 -28
421 -29
422 -28
423 -29
424 -28
425 -27
426 -28
427 -29
428 -28
429 -29
430 -28
431 -27
432 -26
433 -27
434 -28
435 -27
436 -26
437 -27
438 -28
439 -29
440 -30
441 -29
442 -28
443 -27
444 -28
445 -27
446 -26
447 -27
448 -28
449 -27
450 -26
451 -25
452 -26
453 -25
454 -26
455 -25
456 -24
457 -25
458 -24
459 -23
460 -24
461 -25
462 -24
463 -25
464 -24
465 -25
466 -24
467 -25
468 -26
469 -27
470 -26
471 -25
472 -26
473 -27
474 -26
475 -25
476 -26
477 -25
478 -24
479 -23
480 -22
481 -23
482 -24
483 -25
484 -24
485 -23
486 -24
487 -23
488 -24
489 -25
490 -26
491 -25
492 -24
493 -25
494 -26
495 -25
496 -24
497 -25
498 -26
499 -27
500 -28
501 -29
502 -30
503 -31
504 -30
505 -29
506 -28
507 -27
508 -26
509 -25
510 -26
511 -27
512 -28
513 -29
514 -30
515 -29
516 -30
517 -31
518 -30
519 -29
520 -30
521 -29
522 -30
523 -31
524 -30
525 -29
526 -28
527 -29
528 -30
529 -31
530 -30
531 -29
532 -28
533 -29
534 -28
535 -29
536 -28
537 -27
538 -26
539 -25
540 -24
541 -25
542 -24
543 -23
544 -22
545 -21
546 -20
547 -21
548 -22
549 -23
550 -24
551 -23
552 -24
553 -25
554 -26
555 -25
556 -24
557 -25
558 -24
559 -25
560 -24
561 -25
562 -24
563 -25
564 -26
565 -25
566 -24
567 -23
568 -24
569 -23
570 -22
571 -21
572 -22
573 -21
574 -20
575 -19
576 -18
577 -17
578 -16
579 -17
580 -18
581 -17
582 -18
583 -19
584 -18
585 -17
586 -16
587 -17
588 -18
589 -19
590 -18
591 -17
592 -16
593 -17
594 -18
595 -19
596 -18
597 -19
598 -20
599 -21
600 -20
601 -19
602 -18
603 -17
604 -18
605 -19
606 -20
607 -19
608 -20
609 -21
610 -22
611 -23
612 -22
613 -21
614 -20
615 -19
616 -20
617 -19
618 -18
619 -19
620 -20
621 -19
622 -20
623 -21
624 -20
625 -19
626 -20
627 -19
628 -18
629 -17
630 -18
631 -19
632 -20
633 -21
634 -22
635 -21
636 -20
637 -19
638 -18
639 -17
640 -18
641 -19
642 -18
643 -17
644 -16
645 -15
646 -16
647 -17
648 -18
649 -17
650 -16
651 -15
652 -14
653 -13
654 -12
655 -13
656 -12
657 -13
658 -14
659 -15
660 -16
661 -17
662 -18
663 -17
664 -16
665 -17
666 -16
667 -15
668 -16
669 -15
670 -14
671 -15
672 -14
673 -13
674 -14
675 -15
676 -16
677 -15
678 -16
679 -17
680 -16
681 -15
682 -14
683 -15
684 -16
685 -15
686 -16
687 -15
688 -14
689 -15
690 -16
691 -17
692 -18
693 -19
694 -20
695 -21
696 -22
697 -23
698 -24
699 -25
700 -24
701 -25
702 -26
703 -25
704 -24
705 -23
706 -24
707 -23
708 -24
709 -23
710 -24
711 -23
712 -22
713 -23
714 -22
715 -23
716 -22
717 -23
718 -22
719 -23
720 -22
721 -23
722 -24
723 -23
724 -24
725 -25
726 -24
727 -23
728 -22
729 -23
730 -22
731 -21
732 -20
733 -21
734 -20
735 -21
736 -22
737 -23
738 -24
739 -23
740 -22
741 -21
742 -22
743 -23
744 -22
745 -23
746 -22
747 -23
748 -24
749 -23
750 -24
751 -25
752 -26
753 -25
754 -26
755 -27
756 -26
757 -27
758 -26
759 -25
760 -26
761 -25
762 -26
763 -27
764 -26
765 -27
766 -28
767 -29
768 -30
769 -31
770 -30
771 -31
772 -32
773 -33
774 -32
775 -33
776 -32
777 -33
778 -32
779 -31
780 -32
781 -33
782 -34
783 -35
784 -34
785 -35
786 -36
787 -37
788 -38
789 -39
790 -40
791 -39
792 -40
793 -39
794 -40
795 -39
796 -40
797 -39
798 -38
799 -37
800 -38
801 -37
802 -38
803 -37
804 -36
805 -37
806 -38
807 -39
808 -40
809 -41
810 -42
811 -41
812 -42
813 -41
814 -42
815 -43
816 -44
817 -45
818 -44
819 -45
820 -46
821 -45
822 -46
823 -45
824 -46
825 -47
826 -46
827 -45
828 -46
829 -45
830 -44
831 -43
832 -42
833 -41
834 -42
835 -41
836 -42
837 -41
838 -42
839 -43
840 -44
841 -45
842 -44
843 -45
844 -46
845 -45
846 -44
847 -45
848 -44
849 -43
850 -44
851 -43
852 -42
853 -41
854 -42
855 -43
856 -42
857 -41
858 -42
859 -41
860 -40
861 -39
862 -40
863 -41
864 -42
865 -43
866 -42
867 -41
868 -40
869 -41
870 -42
871 -43
872 -44
873 -43
874 -44
875 -43
876 -42
877 -41
878 -40
879 -39
880 -38
881 -37
882 -36
883 -35
884 -34
885 -35
886 -34
887 -33
888 -34
889 -35
890 -34
891 -35
892 -34
893 -33
894 -34
895 -33
896 -34
897 -33
898 -32
899 -31
900 -30
901 -31
902 -32
903 -31
904 -32
905 -33
906 -34
907 -33
908 -32
909 -33
910 -32
911 -33
912 -32
913 -33
914 -34
915 -35
916 -36
917 -37
918 -36
919 -35
920 -34
921 -35
922 -34
923 -33
924 -34
925 -35
926 -34
927 -33
928 -32
929 -33
930 -34
931 -35
932 -34
933 -35
934 -36
935 -37
936 -38
937 -37
938 -38
939 -39
940 -40
941 -41
942 -42
943 -43
944 -42
945 -41
946 -42
947 -43
948 -44
949 -45
950 -46
951 -47
952 -46
953 -47
954 -48
955 -47
956 -48
957 -49
958 -48
959 -49
960 -50
961 -49
962 -50
963 -51
964 -52
965 -53
966 -54
967 -53
968 -52
969 -51
970 -50
971 -51
972 -50
973 -51
974 -52
975 -53
976 -52
977 -51
978 -50
979 -49
980 -48
981 -49
982 -48
983 -47
984 -46
985 -45
986 -44
987 -43
988 -44
989 -43
990 -44
991 -45
992 -44
993 -45
994 -44
995 -43
996 -44
997 -43
998 -44
999 -43
1000 -44
1001 -45
1002 -44
1003 -43
1004 -44
1005 -45
1006 -46
1007 -45
1008 -44
1009 -45
1010 -46
1011 -45
1012 -46
1013 -47
1014 -46
1015 -47
1016 -48
1017 -47
1018 -46
1019 -47
1020 -48
1021 -47
1022 -48
1023 -49
1024 -50
1025 -51
1026 -52
1027 -51
1028 -50
1029 -51
1030 -52
1031 -53
1032 -54
1033 -55
1034 -54
1035 -53
1036 -52
1037 -51
1038 -52
1039 -53
1040 -52
1041 -53
1042 -54
1043 -53
1044 -52
1045 -51
1046 -50
1047 -49
1048 -50
1049 -51
1050 -52
1051 -53
1052 -52
1053 -53
1054 -52
1055 -51
1056 -50
1057 -51
1058 -50
1059 -51
1060 -50
1061 -51
1062 -52
1063 -53
1064 -52
1065 -51
1066 -50
1067 -49
1068 -48
1069 -49
1070 -50
1071 -51
1072 -52
1073 -53
1074 -52
1075 -51
1076 -50
1077 -51
1078 -52
1079 -53
1080 -52
1081 -51
1082 -50
1083 -51
1084 -50
1085 -49
1086 -50
1087 -51
1088 -50
1089 -51
1090 -52
1091 -51
1092 -52
1093 -53
1094 -54
1095 -55
1096 -54
1097 -53
1098 -52
1099 -51
1100 -52
1101 -51
1102 -52
1103 -51
1104 -52
1105 -53
1106 -52
1107 -53
1108 -52
1109 -53
1110 -52
1111 -51
1112 -52
1113 -51
1114 -52
1115 -53
1116 -52
1117 -51
1118 -50
1119 -51
1120 -50
1121 -51
1122 -52
1123 -51
1124 -50
1125 -51
1126 -50
1127 -49
1128 -50
1129 -51
1130 -50
1131 -49
1132 -48
1133 -47
1134 -46
1135 -45
1136 -46
1137 -47
1138 -46
1139 -47
1140 -48
1141 -47
1142 -46
1143 -47
1144 -46
1145 -47
1146 -46
1147 -45
1148 -44
1149 -45
1150 -46
1151 -45
1152 -46
1153 -47
1154 -46
1155 -45
1156 -46
1157 -45
1158 -46
1159 -47
1160 -46
1161 -45
1162 -46
1163 -47
1164 -46
1165 -45
1166 -46
1167 -47
1168 -48
1169 -49
1170 -48
1171 -47
1172 -48
1173 -49
1174 -50
1175 -49
1176 -50
1177 -49
1178 -50
1179 -51
1180 -50
1181 -49
1182 -50
1183 -51
1184 -50
1185 -51
1186 -50
1187 -51
1188 -50
1189 -49
1190 -48
1191 -47
1192 -46
1193 -47
1194 -46
1195 -47
1196 -46
1197 -47
1198 -48
1199 -47
1200 -46
1201 -45
1202 -46
1203 -45
1204 -44
1205 -45
1206 -44
1207 -45
1208 -44
1209 -45
1210 -44
1211 -43
1212 -44
1213 -43
1214 -44
1215 -43
1216 -44
1217 -45
1218 -44
1219 -43
1220 -42
1221 -41
1222 -40
1223 -41
1224 -42
1225 -43
1226 -44
1227 -43
1228 -42
1229 -41
1230 -42
1231 -41
1232 -40
1233 -39
1234 -40
1235 -39
1236 -38
1237 -39
1238 -40
1239 -41
1240 -42
1241 -41
1242 -42
1243 -43
1244 -42
1245 -41
1246 -42
1247 -43
1248 -42
1249 -41
1250 -42
1251 -43
1252 -44
1253 -43
1254 -44
1255 -45
1256 -46
1257 -47
1258 -46
1259 -47
1260 -46
1261 -45
1262 -44
1263 -43
1264 -44
1265 -45
1266 -46
1267 -47
1268 -48
1269 -47
1270 -46
1271 -45
1272 -46
1273 -47
1274 -48
1275 -49
1276 -48
1277 -49
1278 -48
1279 -49
1280 -50
1281 -49
1282 -50
1283 -49
1284 -50
1285 -49
1286 -50
1287 -49
1288 -50
1289 -49
1290 -48
1291 -47
1292 -48
1293 -49
1294 -48
1295 -47
1296 -46
1297 -47
1298 -48
1299 -47
1300 -48
1301 -47
1302 -46
1303 -47
1304 -48
1305 -47
1306 -46
1307 -47
1308 -46
1309 -45
1310 -46
1311 -47
1312 -48
1313 -47
1314 -48
1315 -49
1316 -50
1317 -49
1318 -50
1319 -49
1320 -48
1321 -47
1322 -46
1323 -47
1324 -46
1325 -45
1326 -46
1327 -45
1328 -44
1329 -43
1330 -42
1331 -41
1332 -40
1333 -39
1334 -40
1335 -41
1336 -40
1337 -41
1338 -42
1339 -41
1340 -42
1341 -41
1342 -42
1343 -43
1344 -42
1345 -43
1346 -44
1347 -45
1348 -44
1349 -45
1350 -44
1351 -45
1352 -44
1353 -43
1354 -42
1355 -43
1356 -44
1357 -43
1358 -44
1359 -45
1360 -44
1361 -45
1362 -46
1363 -47
1364 -46
1365 -47
1366 -46
1367 -47
1368 -46
1369 -45
1370 -46
1371 -45
1372 -46
1373 -47
1374 -46
1375 -45
1376 -46
1377 -47
1378 -46
1379 -47
1380 -48
1381 -49
1382 -48
1383 -49
1384 -50
1385 -49
1386 -48
1387 -47
1388 -48
1389 -49
1390 -50
1391 -49
1392 -48
1393 -47
1394 -46
1395 -45
1396 -46
1397 -45
1398 -46
1399 -45
1400 -46
1401 -45
1402 -46
1403 -47
1404 -48
1405 -49
1406 -48
1407 -47
1408 -48
1409 -49
1410 -50
1411 -49
1412 -48
1413 -47
1414 -46
1415 -45
1416 -46
1417 -45
1418 -46
1419 -45
1420 -44
1421 -45
1422 -44
1423 -45
1424 -44
1425 -43
1426 -42
1427 -41
1428 -40
1429 -41
1430 -40
1431 -41
1432 -42
1433 -41
1434 -42
1435 -43
1436 -44
1437 -45
1438 -46
1439 -47
1440 -46
1441 -45
1442 -46
1443 -45
1444 -46
1445 -45
1446 -44
1447 -43
1448 -44
1449 -43
1450 -42
1451 -41
1452 -40
1453 -39
1454 -40
1455 -39
1456 -38
1457 -39
1458 -40
1459 -41
1460 -42
1461 -43
1462 -42
1463 -41
1464 -40
1465 -39
1466 -38
1467 -39
1468 -38
1469 -39
1470 -38
1471 -37
1472 -38
1473 -39
1474 -40
1475 -41
1476 -42
1477 -43
1478 -44
1479 -43
1480 -44
1481 -45
1482 -46
1483 -45
1484 -44
1485 -45
1486 -46
1487 -45
1488 -44
1489 -45
1490 -46
1491 -45
1492 -46
1493 -47
1494 -48
1495 -49
1496 -48
1497 -49
1498 -48
1499 -49
1500 -48
1501 -49
1502 -50
1503 -49
1504 -50
1505 -49
1506 -50
1507 -49
1508 -50
1509 -49
1510 -50
1511 -51
1512 -50
1513 -49
1514 -50
1515 -51
1516 -50
1517 -49
1518 -48
1519 -47
1520 -46
1521 -47
1522 -48
1523 -49
1524 -50
1525 -51
1526 -52
1527 -53
1528 -54
1529 -53
1530 -52
1531 -51
1532 -50
1533 -51
1534 -52
1535 -53
1536 -54
1537 -55
1538 -56
1539 -57
1540 -56
1541 -57
1542 -58
1543 -59
1544 -58
1545 -59
1546 -58
1547 -57
1548 -56
1549 -57
1550 -58
1551 -57
1552 -56
1553 -55
1554 -54
1555 -53
1556 -54
1557 -53
1558 -54
1559 -55
1560 -54
1561 -53
1562 -52
1563 -51
1564 -52
1565 -51
1566 -50
1567 -51
1568 -50
1569 -49
1570 -48
1571 -47
1572 -48
1573 -49
1574 -48
1575 -49
1576 -48
1577 -49
1578 -48
1579 -47
1580 -48
1581 -49
1582 -50
1583 -49
1584 -50
1585 -51
1586 -52
1587 -53
1588 -54
1589 -53
1590 -54
1591 -55
1592 -54
1593 -55
1594 -54
1595 -53
1596 -54
1597 -55
1598 -54
1599 -55
1600 -54
1601 -53
1602 -54
1603 -55
1604 -56
1605 -55
1606 -56
1607 -57
1608 -58
1609 -59
1610 -60
1611 -59
1612 -58
1613 -57
1614 -56
1615 -55
1616 -56
1617 -57
1618 -58
1619 -59
1620 -60
1621 -59
1622 -60
1623 -61
1624 -60
1625 -61
1626 -62
1627 -63
1628 -62
1629 -63
1630 -64
1631 -63
1632 -62
1633 -61
1634 -60
1635 -59
1636 -58
1637 -59
1638 -58
1639 -57
1640 -58
1641 -59
1642 -60
1643 -61
1644 -60
1645 -61
1646 -62
1647 -61
1648 -60
1649 -59
1650 -60
1651 -61
1652 -62
1653 -63
1654 -62
1655 -63
1656 -62
1657 -61
1658 -60
1659 -61
1660 -62
1661 -61
1662 -62
1663 -63
1664 -62
1665 -61
1666 -62
1667 -61
1668 -62
1669 -63
1670 -64
1671 -65
1672 -64
1673 -65
1674 -66
1675 -65
1676 -64
1677 -65
1678 -64
1679 -63
1680 -64
1681 -65
1682 -66
1683 -67
1684 -66
1685 -67
1686 -66
1687 -65
1688 -66
1689 -65
1690 -64
1691 -63
1692 -62
1693 -61
1694 -60
1695 -61
1696 -60
1697 -61
1698 -62
1699 -63
1700 -64
1701 -63
1702 -62
1703 -63
1704 -64
1705 -63
1706 -64
1707 -65
1708 -66
1709 -67
1710 -68
1711 -67
1712 -66
1713 -67
1714 -68
1715 -67
1716 -68
1717 -67
1718 -66
1719 -65
1720 -66
1721 -65
1722 -64
1723 -65
1724 -64
1725 -65
1726 -66
1727 -65
1728 -64
1729 -63
1730 -62
1731 -61
1732 -60
1733 -59
1734 -58
1735 -57
1736 -58
1737 -57
1738 -58
1739 -57
1740 -58
1741 -59
1742 -60
1743 -61
1744 -62
1745 -61
1746 -60
1747 -59
1748 -60
1749 -61
1750 -62
1751 -61
1752 -62
1753 -63
1754 -62
1755 -61
1756 -60
1757 -59
1758 -58
1759 -59
1760 -58
1761 -57
1762 -56
1763 -55
1764 -54
1765 -55
1766 -54
1767 -55
1768 -54
1769 -55
1770 -54
1771 -53
1772 -52
1773 -53
1774 -52
1775 -51
1776 -50
1777 -51
1778 -52
1779 -53
1780 -52
1781 -53
1782 -52
1783 -51
1784 -50
1785 -49
1786 -50
1787 -49
1788 -50
1789 -49
1790 -48
1791 -49
1792 -48
1793 -49
1794 -48
1795 -49
1796 -48
1797 -49
1798 -50
1799 -51
1800 -52
1801 -51
1802 -52
1803 -53
1804 -54
1805 -55
1806 -54
1807 -53
1808 -52
1809 -51
1810 -50
1811 -49
1812 -50
1813 -49
1814 -50
1815 -51
1816 -52
1817 -51
1818 -52
1819 -53
1820 -54
1821 -55
1822 -54
1823 -53
1824 -54
1825 -55
1826 -56
1827 -55
1828 -56
1829 -57
1830 -56
1831 -57
1832 -58
1833 -57
1834 -56
1835 -55
1836 -54
1837 -53
1838 -52
1839 -51
1840 -50
1841 -49
1842 -48
1843 -47
1844 -48
1845 -49
1846 -50
1847 -49
1848 -48
1849 -47
1850 -46
1851 -45
1852 -44
1853 -45
1854 -44
1855 -45
1856 -44
1857 -43
1858 -44
1859 -43
1860 -42
1861 -43
1862 -44
1863 -45
1864 -44
1865 -43
1866 -44
1867 -45
1868 -44
1869 -45
1870 -46
1871 -47
1872 -48
1873 -47
1874 -46
1875 -45
1876 -46
1877 -45
1878 -46
1879 -45
1880 -46
1881 -47
1882 -48
1883 -47
1884 -46
1885 -47
1886 -48
1887 -47
1888 -46
1889 -45
1890 -46
1891 -47
1892 -48
1893 -49
1894 -50
1895 -51
1896 -52
1897 -51
1898 -52
1899 -53
1900 -54
1901 -53
1902 -54
1903 -55
1904 -54
1905 -53
1906 -52
1907 -53
1908 -54
1909 -55
1910 -54
1911 -53
1912 -54
1913 -55
1914 -54
1915 -53
1916 -54
1917 -55
1918 -56
1919 -57
1920 -58
1921 -57
1922 -56
1923 -57
1924 -56
1925 -57
1926 -58
1927 -59
1928 -60
1929 -59
1930 -60
1931 -59
1932 -60
1933 -59
1934 -58
1935 -59
1936 -58
1937 -59
1938 -60
1939 -61
1940 -62
1941 -61
1942 -60
1943 -61
1944 -62
1945 -63
1946 -62
1947 -61
1948 -62
1949 -61
1950 -60
1951 -61
1952 -60
1953 -59
1954 -60
1955 -59
1956 -58
1957 -59
1958 -60
1959 -59
1960 -58
1961 -59
1962 -58
1963 -59
1964 -60
1965 -59
1966 -58
1967 -59
1968 -58
1969 -57
1970 -56
1971 -55
1972 -54
1973 -55
1974 -56
1975 -57
1976 -58
1977 -59
1978 -58
1979 -57
1980 -58
1981 -57
1982 -58
1983 -59
1984 -58
1985 -59
1986 -58
1987 -59
1988 -58
1989 -59
1990 -60
1991 -61
1992 -62
1993 -63
1994 -64
1995 -65
1996 -64
1997 -63
1998 -64
1999 -63
2000 -64
2001 -65
2002 -64
2003 -65
2004 -64
2005 -63
2006 -64
2007 -63
2008 -62
2009 -63
2010 -64
2011 -63
2012 -64
2013 -65
2014 -66
2015 -65
2016 -64
2017 -63
2018 -64
2019 -63
2020 -62
2021 -61
2022 -60
2023 -59
2024 -58
2025 -57
2026 -56
2027 -57
2028 -58
2029 -59
2030 -60
2031 -61
2032 -62
2033 -63
2034 -64
2035 -63
2036 -62
2037 -61
2038 -60
2039 -61
2040 -62
2041 -63
2042 -64
2043 -63
2044 -62
2045 -61
2046 -60
2047 -61
2048 -60
2049 -59
2050 -60
2051 -59
2052 -60
2053 -59
2054 -58
2055 -57
2056 -56
2057 -55
2058 -54
2059 -53
2060 -54
2061 -55
2062 -54
2063 -55
2064 -56
2065 -55
2066 -56
2067 -57
2068 -56
2069 -55
2070 -56
2071 -57
2072 -58
2073 -59
2074 -58
2075 -59
2076 -60
2077 -59
2078 -60
2079 -59
2080 -60
2081 -59
2082 -58
2083 -59
2084 -60
2085 -61
2086 -60
2087 -61
2088 -60
2089 -59
2090 -58
2091 -57
2092 -56
2093 -57
2094 -56
2095 -55
2096 -54
2097 -53
2098 -54
2099 -55
2100 -54
2101 -55
2102 -56
2103 -57
2104 -58
2105 -57
2106 -58
2107 -59
2108 -60
2109 -61
2110 -62
2111 -63
2112 -64
2113 -65
2114 -64
2115 -63
2116 -64
2117 -63
2118 -64
2119 -63
2120 -62
2121 -63
2122 -62
2123 -63
2124 -62
2125 -61
2126 -62
2127 -61
2128 -60
2129 -61
2130 -62
2131 -61
2132 -60
2133 -61
2134 -62
2135 -63
2136 -64
2137 -63
2138 -62
2139 -63
2140 -62
2141 -61
2142 -62
2143 -63
2144 -62
2145 -63
2146 -64
2147 -65
2148 -66
2149 -67
2150 -66
2151 -67
2152 -66
2153 -67
2154 -66
2155 -65
2156 -64
2157 -65
2158 -66
2159 -67
2160 -68
2161 -69
2162 -68
2163 -67
2164 -66
2165 -67
2166 -68
2167 -67
2168 -66
2169 -67
2170 -66
2171 -65
2172 -64
2173 -63
2174 -62
2175 -61
2176 -62
2177 -61
2178 -62
2179 -61
2180 -60
2181 -59
2182 -58
2183 -57
2184 -56
2185 -57
2186 -58
2187 -57
2188 -56
2189 -55
2190 -56
2191 -55
2192 -54
2193 -53
2194 -52
2195 -53
2196 -54
2197 -55
2198 -54
2199 -55
2200 -54
2201 -55
2202 -56
2203 -57
2204 -58
2205 -59
2206 -60
2207 -61
2208 -62
2209 -63
2210 -64
2211 -65
2212 -64
2213 -63
2214 -62
2215 -63
2216 -64
2217 -65
2218 -66
2219 -67
2220 -68
2221 -67
2222 -66
2223 -65
2224 -66
2225 -67
2226 -68
2227 -69
2228 -70
2229 -69
2230 -68
2231 -67
2232 -68
2233 -67
2234 -66
2235 -67
2236 -68
2237 -67
2238 -66
2239 -65
2240 -64
2241 -63
2242 -64
2243 -63
2244 -64
2245 -63
2246 -62
2247 -63
2248 -62
2249 -63
2250 -64
2251 -65
2252 -64
2253 -63
2254 -64
2255 -65
2256 -66
2257 -67
2258 -66
2259 -65
2260 -64
2261 -65
2262 -66
2263 -67
2264 -68
2265 -67
2266 -68
2267 -67
2268 -66
2269 -65
2270 -66
2271 -67
2272 -66
2273 -67
2274 -66
2275 -65
2276 -64
2277 -65
2278 -64
2279 -63
2280 -62
2281 -63
2282 -62
2283 -61
2284 -62
2285 -61
2286 -62
2287 -63
2288 -64
2289 -65
2290 -64
2291 -63
2292 -62
2293 -61
2294 -62
2295 -61
2296 -62
2297 -63
2298 -64
2299 -65
2300 -66
2301 -65
2302 -64
2303 -65
2304 -66
2305 -67
2306 -68
2307 -69
2308 -68
2309 -67
2310 -66
2311 -67
2312 -68
2313 -67
2314 -68
2315 -69
2316 -70
2317 -71
2318 -70
2319 -71
2320 -72
2321 -73
2322 -74
2323 -73
2324 -72
2325 -71
2326 -72
2327 -73
2328 -74
2329 -75
2330 -76
2331 -75
2332 -74
2333 -73
2334 -74
2335 -73
2336 -74
2337 -73
2338 -72
2339 -71
2340 -70
2341 -69
2342 -68
2343 -67
2344 -66
2345 -65
2346 -66
2347 -65
2348 -64
2349 -65
2350 -66
2351 -67
2352 -66
2353 -67
2354 -66
2355 -65
2356 -66
2357 -65
2358 -66
2359 -65
2360 -64
2361 -65
2362 -64
2363 -63
2364 -64
2365 -63
2366 -62
2367 -61
2368 -60
2369 -59
2370 -60
2371 -61
2372 -60
2373 -59
2374 -60
2375 -59
2376 -60
2377 -61
2378 -62
2379 -61
2380 -62
2381 -61
2382 -60
2383 -59
2384 -58
2385 -59
2386 -58
2387 -59
2388 -58
2389 -59
2390 -60
2391 -61
2392 -62
2393 -61
2394 -60
2395 -59
2396 -60
2397 -61
2398 -60
2399 -61
2400 -60
2401 -59
2402 -60
2403 -59
2404 -60
2405 -61
2406 -62
2407 -63
2408 -62
2409 -63
2410 -62
2411 -63
2412 -64
2413 -63
2414 -62
2415 -63
2416 -64
2417 -63
2418 -62
2419 -63
2420 -62
2421 -61
2422 -60
2423 -59
2424 -58
2425 -59
2426 -60
2427 -61
2428 -60
2429 -61
2430 -60
2431 -61
2432 -60
2433 -61
2434 -62
2435 -61
2436 -60
2437 -59
2438 -60
2439 -59
2440 -58
2441 -57
2442 -58
2443 -59
2444 -58
2445 -59
2446 -58
2447 -57
2448 -58
2449 -59
2450 -60
2451 -61
2452 -60
2453 -59
2454 -60
2455 -59
2456 -60
2457 -61
2458 -60
2459 -59
2460 -58
2461 -59
2462 -58
2463 -57
2464 -58
2465 -59
2466 -60
2467 -59
2468 -60
2469 -59
2470 -60
2471 -59
2472 -60
2473 -59
2474 -60
2475 -61
2476 -62
2477 -63
2478 -62
2479 -63
2480 -64
2481 -65
2482 -66
2483 -65
2484 -66
2485 -65
2486 -66
2487 -65
2488 -66
2489 -65
2490 -66
2491 -65
2492 -64
2493 -65
2494 -66
2495 -65
2496 -66
2497 -65
2498 -64
2499 -63
2500 -64
2501 -65
2502 -64
2503 -63
2504 -62
2505 -61
2506 -60
2507 -61
2508 -62
2509 -61
2510 -60
2511 -59
2512 -60
2513 -61
2514 -60
2515 -59
2516 -58
2517 -59
2518 -60
2519 -59
2520 -60
2521 -59
2522 -60
2523 -59
2524 -60
2525 -59
2526 -58
2527 -59
2528 -60
2529 -61
2530 -62
2531 -61
2532 -62
2533 -63
2534 -64
2535 -65
2536 -64
2537 -63
2538 -62
2539 -61
2540 -60
2541 -59
2542 -60
2543 -59
2544 -58
2545 -57
2546 -58
2547 -59
2548 -60
2549 -61
2550 -62
2551 -61
2552 -60
2553 -59
2554 -60
2555 -59
2556 -60
2557 -61
2558 -60
2559 -61
2560 -60
2561 -61
2562 -62
2563 -63
2564 -64
2565 -65
2566 -66
2567 -67
2568 -68
2569 -67
2570 -68
2571 -67
2572 -66
2573 -67
2574 -68
2575 -69
2576 -70
2577 -69
2578 -70
2579 -69
2580 -68
2581 -67
2582 -66
2583 -65
2584 -64
2585 -63
2586 -64
2587 -63
2588 -64
2589 -63
2590 -62
2591 -61
2592 -62
2593 -61
2594 -60
2595 -61
2596 -60
2597 -59
2598 -60
2599 -59
2600 -60
2601 -61
2602 -60
2603 -59
2604 -60
2605 -61
2606 -62
2607 -63
2608 -62
2609 -61
2610 -60
2611 -61
2612 -60
2613 -61
2614 -62
2615 -63
2616 -64
2617 -63
2618 -62
2619 -63
2620 -64
2621 -63
2622 -62
2623 -63
2624 -62
2625 -63
2626 -64
2627 -65
2628 -66
2629 -67
2630 -68
2631 -67
2632 -66
2633 -65
2634 -66
2635 -65
2636 -66
2637 -67
2638 -68
2639 -69
2640 -68
2641 -69
2642 -68
2643 -69
2644 -70
2645 -69
2646 -68
2647 -69
2648 -70
2649 -69
2650 -70
2651 -71
2652 -72
2653 -71
2654 -72
2655 -73
2656 -74
2657 -73
2658 -74
2659 -75
2660 -76
2661 -75
2662 -74
2663 -75
2664 -76
2665 -77
2666 -78
2667 -77
2668 -78
2669 -77
2670 -78
2671 -79
2672 -80
2673 -79
2674 -80
2675 -81
2676 -82
2677 -81
2678 -82
2679 -83
2680 -82
2681 -83
2682 -82
2683 -83
2684 -84
2685 -85
2686 -84
2687 -83
2688 -84
2689 -85
2690 -86
2691 -85
2692 -86
2693 -85
2694 -86
2695 -85
2696 -84
2697 -83
2698 -82
2699 -83
2700 -82
2701 -81
2702 -80
2703 -79
2704 -78
2705 -79
2706 -80
2707 -79
2708 -78
2709 -79
2710 -78
2711 -79
2712 -78
2713 -77
2714 -76
2715 -75
2716 -76
2717 -77
2718 -76
2719 -75
2720 -76
2721 -77
2722 -78
2723 -79
2724 -78
2725 -77
2726 -76
2727 -77
2728 -78
2729 -77
2730 -76
2731 -75
2732 -76
2733 -75
2734 -74
2735 -75
2736 -74
2737 -73
2738 -72
2739 -73
2740 -74
2741 -73
2742 -72
2743 -73
2744 -72
2745 -73
2746 -74
2747 -75
2748 -76
2749 -77
2750 -78
2751 -79
2752 -80
2753 -79
2754 -80
2755 -81
2756 -82
2757 -83
2758 -82
2759 -83
2760 -82
2761 -83
2762 -84
2763 -85
2764 -86
2765 -87
2766 -88
2767 -87
2768 -88
2769 -87
2770 -88
2771 -89
2772 -88
2773 -87
2774 -86
2775 -87
2776 -86
2777 -87
2778 -88
2779 -89
2780 -90
2781 -91
2782 -92
2783 -91
2784 -90
2785 -89
2786 -88
2787 -89
2788 -88
2789 -87
2790 -88
2791 -87
2792 -88
2793 -87
2794 -86
2795 -85
2796 -86
2797 -85
2798 -84
2799 -85
2800 -84
2801 -83
2802 -82
2803 -81
2804 -82
2805 -81
2806 -82
2807 -83
2808 -84
2809 -83
2810 -84
2811 -85
2812 -86
2813 -87
2814 -86
2815 -85
2816 -86
2817 -85
2818 -84
2819 -85
2820 -86
2821 -87
2822 -88
2823 -87
2824 -86
2825 -87
2826 -88
2827 -89
2828 -90
2829 -91
2830 -92
2831 -91
2832 -90
2833 -89
2834 -88
2835 -89
2836 -88
2837 -87
2838 -86
2839 -85
2840 -86
2841 -85
2842 -86
2843 -85
2844 -86
2845 -87
2846 -86
2847 -87
2848 -88
2849 -89
2850 -88
2851 -87
2852 -86
2853 -87
2854 -88
2855 -89
2856 -88
2857 -87
2858 -86
2859 -87
2860 -86
2861 -87
2862 -86
2863 -85
2864 -84
2865 -85
2866 -86
2867 -85
2868 -86
2869 -85
2870 -84
2871 -85
2872 -86
2873 -87
2874 -88
2875 -89
2876 -90
2877 -89
2878 -90
2879 -91
2880 -90
2881 -91
2882 -92
2883 -93
2884 -92
2885 -91
2886 -90
2887 -89
2888 -90
2889 -89
2890 -88
2891 -87
2892 -88
2893 -89
2894 -88
2895 -89
2896 -90
2897 -89
2898 -90
2899 -91
2900 -92
2901 -91
2902 -92
2903 -91
2904 -90
2905 -89
2906 -88
2907 -89
2908 -88
2909 -87
2910 -86
2911 -87
2912 -86
2913 -87
2914 -86
2915 -85
2916 -86
2917 -85
2918 -84
2919 -83
2920 -84
2921 -83
2922 -84
2923 -83
2924 -82
2925 -81
2926 -80
2927 -79
2928 -78
2929 -79
2930 -78
2931 -77
2932 -78
2933 -77
2934 -76
2935 -75
2936 -74
2937 -75
2938 -76
2939 -77
2940 -78
2941 -77
2942 -78
2943 -77
2944 -78
2945 -77
2946 -78
2947 -77
2948 -76
2949 -77
2950 -76
2951 -75
2952 -74
2953 -75
2954 -76
2955 -75
2956 -76
2957 -75
2958 -74
2959 -75
2960 -74
2961 -73
2962 -74
2963 -75
2964 -74
2965 -73
2966 -74
2967 -73
2968 -74
2969 -75
2970 -74
2971 -75
2972 -76
2973 -75
2974 -76
2975 -75
2976 -74
2977 -75
2978 -74
2979 -75
2980 -74
2981 -75
2982 -76
2983 -75
2984 -76
2985 -75
2986 -76
2987 -75
2988 -74
2989 -73
2990 -72
2991 -73
2992 -74
2993 -75
2994 -76
2995 -75
2996 -74
2997 -75
2998 -74
2999 -75
3000 -74
3001 -73
3002 -74
3003 -73
3004 -74
3005 -75
3006 -76
3007 -75
3008 -74
3009 -75
3010 -74
3011 -73
3012 -74
3013 -75
3014 -74
3015 -73
3016 -72
3017 -73
3018 -74
3019 -75
3020 -76
3021 -77
3022 -76
3023 -77
3024 -78
3025 -79
3026 -78
3027 -79
3028 -78
3029 -79
3030 -80
3031 -81
3032 -82
3033 -83
3034 -82
3035 -81
3036 -80
3037 -81
3038 -80
3039 -79
3040 -78
3041 -77
3042 -76
3043 -75
3044 -76
3045 -77
3046 -78
3047 -77
3048 -76
3049 -77
3050 -78
3051 -79
3052 -80
3053 -79
3054 -80
3055 -81
3056 -80
3057 -81
3058 -80
3059 -79
3060 -78
3061 -79
3062 -78
3063 -79
3064 -78
3065 -79
3066 -78
3067 -77
3068 -76
3069 -77
3070 -76
3071 -75
3072 -74
3073 -73
3074 -72
3075 -71
3076 -70
3077 -69
3078 -70
3079 -71
3080 -72
3081 -73
3082 -74
3083 -73
3084 -74
3085 -73
3086 -74
3087 -73
3088 -74
3089 -75
3090 -76
3091 -77
3092 -78
3093 -79
3094 -80
3095 -79
3096 -80
3097 -79
3098 -80
3099 -79
3100 -80
3101 -81
3102 -80
3103 -81
3104 -82
3105 -83
3106 -84
3107 -83
3108 -82
3109 -83
3110 -84
3111 -85
3112 -84
3113 -83
3114 -84
3115 -83
3116 -82
3117 -83
3118 -84
3119 -83
3120 -84
3121 -83
3122 -82
3123 -83
3124 -82
3125 -81
3126 -82
3127 -83
3128 -82
3129 -83
3130 -84
3131 -83
3132 -82
3133 -81
3134 -82
3135 -83
3136 -84
3137 -83
3138 -84
3139 -83
3140 -84
3141 -85
3142 -86
3143 -87
3144 -86
3145 -85
3146 -86
3147 -85
3148 -86
3149 -85
3150 -84
3151 -85
3152 -84
3153 -83
3154 -82
3155 -81
3156 -80
3157 -81
3158 -80
3159 -79
3160 -78
3161 -79
3162 -80
3163 -79
3164 -78
3165 -77
3166 -76
3167 -77
3168 -76
3169 -75
3170 -76
3171 -77
3172 -76
3173 -75
3174 -74
3175 -75
3176 -74
3177 -73
3178 -74
3179 -75
3180 -74
3181 -75
3182 -76
3183 -75
3184 -76
3185 -77
3186 -78
3187 -77
3188 -78
3189 -77
3190 -78
3191 -79
3192 -80
3193 -79
3194 -78
3195 -77
3196 -76
3197 -77
3198 -78
3199 -79
3200 -78
3201 -79
3202 -78
3203 -77
3204 -76
3205 -75
3206 -76
3207 -75
3208 -76
3209 -77
3210 -76
3211 -77
3212 -78
3213 -79
3214 -78
3215 -79
3216 -80
3217 -79
3218 -80
3219 -81
3220 -80
3221 -81
3222 -80
3223 -81
3224 -80
3225 -81
3226 -80
3227 -79
3228 -80
3229 -81
3230 -80
3231 -79
3232 -80
3233 -79
3234 -80
3235 -79
3236 -80
3237 -81
3238 -80
3239 -81
3240 -80
3241 -79
3242 -78
3243 -77
3244 -76
3245 -75
3246 -74
3247 -75
3248 -76
3249 -77
3250 -76
3251 -77
3252 -76
3253 -75
3254 -76
3255 -77
3256 -78
3257 -77
3258 -78
3259 -79
3260 -80
3261 -79
3262 -78
3263 -79
3264 -78
3265 -77
3266 -78
3267 -77
3268 -76
3269 -75
3270 -76
3271 -75
3272 -74
3273 -75
3274 -74
3275 -75
3276 -74
3277 -73
3278 -74
3279 -73
3280 -74
3281 -75
3282 -74
3283 -75
3284 -74
3285 -75
3286 -74
3287 -75
3288 -74
3289 -73
3290 -74
3291 -73
3292 -72
3293 -71
3294 -70
3295 -71
3296 -70
3297 -71
3298 -70
3299 -69
3300 -70
3301 -69
3302 -68
3303 -67
3304 -66
3305 -67
3306 -68
3307 -67
3308 -66
3309 -67
3310 -68
3311 -67
3312 -68
3313 -69
3314 -70
3315 -69
3316 -70
3317 -69
3318 -68
3319 -69
3320 -68
3321 -69
3322 -70
3323 -71
3324 -70
3325 -69
3326 -70
3327 -69
3328 -70
3329 -71
3330 -72
3331 -73
3332 -72
3333 -73
3334 -72
3335 -73
3336 -72
3337 -71
3338 -70
3339 -69
3340 -70
3341 -71
3342 -72
3343 -71
3344 -70
3345 -71
3346 -72
3347 -73
3348 -72
3349 -71
3350 -70
3351 -69
3352 -68
3353 -69
3354 -68
3355 -67
3356 -66
3357 -65
3358 -66
3359 -67
3360 -68
3361 -67
3362 -68
3363 -69
3364 -70
3365 -71
3366 -72
3367 -73
3368 -72
3369 -71
3370 -70
3371 -69
3372 -68
3373 -67
3374 -68
3375 -69
3376 -68
3377 -69
3378 -68
3379 -67
3380 -66
3381 -65
3382 -64
3383 -65
3384 -66
3385 -65
3386 -66
3387 -65
3388 -64
3389 -63
3390 -62
3391 -61
3392 -62
3393 -63
3394 -64
3395 -63
3396 -62
3397 -61
3398 -60
3399 -61
3400 -60
3401 -59
3402 -60
3403 -61
3404 -60
3405 -61
3406 -62
3407 -63
3408 -62
3409 -61
3410 -62
3411 -63
3412 -64
3413 -65
3414 -64
3415 -63
3416 -62
3417 -63
3418 -62
3419 -61
3420 -62
3421 -61
3422 -62
3423 -61
3424 -60
3425 -59
3426 -58
3427 -59
3428 -58
3429 -57
3430 -58
3431 -59
3432 -60
3433 -61
3434 -62
3435 -63
3436 -64
3437 -63
3438 -62
3439 -63
3440 -62
3441 -61
3442 -60
3443 -61
3444 -62
3445 -61
3446 -60
3447 -61
3448 -62
3449 -63
3450 -62
3451 -63
3452 -62
3453 -61
3454 -60
3455 -59
3456 -58
3457 -59
3458 -58
3459 -59
3460 -58
3461 -59
3462 -58
3463 -57
3464 -58
3465 -57
3466 -58
3467 -57
3468 -56
3469 -55
3470 -54
3471 -55
3472 -54
3473 -53
3474 -52
3475 -51
3476 -50
3477 -49
3478 -50
3479 -49
3480 -48
3481 -49
3482 -50
3483 -49
3484 -48
3485 -49
3486 -48
3487 -47
3488 -48
3489 -47
3490 -48
3491 -49
3492 -48
3493 -49
3494 -48
3495 -49
3496 -48
3497 -47
3498 -48
3499 -47
3500 -48
3501 -49
3502 -48
3503 -49
3504 -50
3505 -51
3506 -50
3507 -51
3508 -50
3509 -51
3510 -50
3511 -49
3512 -50
3513 -51
3514 -50
3515 -51
3516 -52
3517 -51
3518 -50
3519 -51
3520 -50
3521 -51
3522 -52
3523 -53
3524 -54
3525 -53
3526 -52
3527 -53
3528 -54
3529 -55
3530 -56
3531 -57
3532 -58
3533 -57
3534 -58
3535 -59
3536 -58
3537 -57
3538 -56
3539 -55
3540 -56
3541 -55
3542 -56
3543 -57
3544 -56
3545 -55
3546 -54
3547 -55
3548 -56
3549 -57
3550 -56
3551 -57
3552 -58
3553 -57
3554 -56
3555 -57
3556 -56
3557 -55
3558 -54
3559 -55
3560 -56
3561 -55
3562 -56
3563 -57
3564 -56
3565 -55
3566 -56
3567 -55
3568 -56
3569 -57
3570 -56
3571 -55
3572 -54
3573 -55
3574 -54
3575 -55
3576 -56
3577 -55
3578 -56
3579 -57
3580 -58
3581 -59
3582 -60
3583 -61
3584 -60
3585 -61
3586 -60
3587 -59
3588 -60
3589 -61
3590 -60
3591 -61
3592 -62
3593 -61
3594 -62
3595 -63
3596 -64
3597 -65
3598 -64
3599 -65
3600 -66
3601 -67
3602 -68
3603 -69
3604 -68
3605 -69
3606 -70
3607 -71
3608 -72
3609 -71
3610 -70
3611 -69
3612 -68
3613 -67
3614 -66
3615 -65
3616 -64
3617 -65
3618 -64
3619 -63
3620 -62
3621 -63
3622 -64
3623 -63
3624 -62
3625 -63
3626 -64
3627 -63
3628 -64
3629 -63
3630 -64
3631 -63
3632 -62
3633 -63
3634 -62
3635 -61
3636 -60
3637 -59
3638 -58
3639 -57
3640 -56
3641 -57
3642 -58
3643 -57
3644 -58
3645 -59
3646 -60
3647 -59
3648 -60
3649 -59
3650 -58
3651 -57
3652 -58
3653 -57
3654 -58
3655 -57
3656 -56
3657 -57
3658 -58
3659 -59
3660 -58
3661 -57
3662 -56
3663 -57
3664 -56
3665 -57
3666 -56
3667 -57
3668 -58
3669 -59
3670 -60
3671 -59
3672 -58
3673 -59
3674 -58
3675 -59
3676 -58
3677 -57
3678 -58
3679 -57
3680 -56
3681 -57
3682 -56
3683 -55
3684 -56
3685 -57
3686 -58
3687 -59
3688 -60
3689 -61
3690 -60
3691 -59
3692 -60
3693 -61
3694 -60
3695 -59
3696 -58
3697 -57
3698 -56
3699 -57
3700 -56
3701 -55
3702 -56
3703 -57
3704 -58
3705 -59
3706 -58
3707 -57
3708 -56
3709 -57
3710 -58
3711 -57
3712 -58
3713 -57
3714 -56
3715 -57
3716 -56
3717 -55
3718 -54
3719 -53
3720 -52
3721 -53
3722 -54
3723 -55
3724 -54
3725 -55
3726 -56
3727 -57
3728 -58
3729 -57
3730 -58
3731 -57
3732 -58
3733 -59
3734 -58
3735 -59
3736 -58
3737 -59
3738 -60
3739 -61
3740 -60
3741 -59
3742 -60
3743 -61
3744 -60
3745 -61
3746 -60
3747 -59
3748 -58
3749 -59
3750 -58
3751 -57
3752 -56
3753 -57
3754 -58
3755 -59
3756 -58
3757 -59
3758 -58
3759 -57
3760 -56
3761 -55
3762 -54
3763 -53
3764 -52
3765 -51
3766 -50
3767 -49
3768 -48
3769 -49
3770 -48
3771 -47
3772 -48
3773 -49
3774 -50
3775 -51
3776 -52
3777 -51
3778 -50
3779 -51
3780 -50
3781 -49
3782 -48
3783 -49
3784 -50
3785 -51
3786 -52
3787 -51
3788 -52
3789 -53
3790 -54
3791 -55
3792 -56
3793 -55
3794 -56
3795 -57
3796 -58
3797 -59
3798 -58
3799 -57
3800 -58
3801 -57
3802 -56
3803 -55
3804 -54
3805 -53
3806 -52
3807 -51
3808 -52
3809 -53
3810 -52
3811 -51
3812 -52
3813 -53
3814 -54
3815 -55
3816 -54
3817 -53
3818 -52
3819 -53
3820 -54
3821 -53
3822 -52
3823 -53
3824 -54
3825 -55
3826 -56
3827 -57
3828 -56
3829 -57
3830 -56
3831 -55
3832 -54
3833 -55
3834 -56
3835 -55
3836 -56
3837 -57
3838 -58
3839 -57
3840 -56
3841 -55
3842 -54
3843 -53
3844 -54
3845 -53
3846 -52
3847 -53
3848 -52
3849 -53
3850 -52
3851 -51
3852 -50
3853 -49
3854 -48
3855 -49
3856 -48
3857 -47
3858 -48
3859 -49
3860 -48
3861 -49
3862 -50
3863 -51
3864 -50
3865 -49
3866 -48
3867 -49
3868 -48
3869 -49
3870 -50
3871 -51
3872 -52
3873 -51
3874 -52
3875 -53
3876 -54
3877 -53
3878 -52
3879 -53
3880 -54
3881 -53
3882 -54
3883 -55
3884 -56
3885 -57
3886 -58
3887 -57
3888 -58
3889 -57
3890 -58
3891 -59
3892 -60
3893 -61
3894 -62
3895 -61
3896 -60
3897 -59
3898 -60
3899 -61
3900 -62
3901 -63
3902 -64
3903 -63
3904 -64
3905 -65
3906 -64
3907 -65
3908 -66
3909 -65
3910 -66
3911 -65
3912 -66
3913 -67
3914 -68
3915 -67
3916 -68
3917 -67
3918 -66
3919 -65
3920 -64
3921 -63
3922 -62
3923 -61
3924 -60
3925 -59
3926 -60
3927 -61
3928 -60
3929 -61
3930 -60
3931 -61
3932 -62
3933 -63
3934 -62
3935 -61
3936 -60
3937 -59
3938 -60
3939 -59
3940 -58
3941 -57
3942 -56
3943 -55
3944 -56
3945 -55
3946 -56
3947 -55
3948 -56
3949 -57
3950 -56
3951 -57
3952 -58
3953 -59
3954 -58
3955 -57
3956 -56
3957 -55
3958 -54
3959 -55
3960 -54
3961 -55
3962 -54
3963 -55
3964 -56
3965 -55
3966 -56
3967 -55
3968 -54
3969 -53
3970 -54
3971 -55
3972 -56
3973 -55
3974 -54
3975 -55
3976 -56
3977 -55
3978 -54
3979 -55
3980 -56
3981 -57
3982 -58
3983 -57
3984 -58
3985 -57
3986 -58
3987 -57
3988 -56
3989 -57
3990 -58
3991 -57
3992 -56
3993 -57
3994 -58
3995 -59
3996 -60
3997 -59
3998 -60
3999 -59
4000 -58
4001 -57
4002 -58
4003 -59
4004 -60
4005 -61
4006 -60
4007 -61
4008 -62
4009 -63
4010 -62
4011 -61
4012 -60
4013 -61
4014 -62
4015 -61
4016 -60
4017 -59
4018 -60
4019 -59
4020 -58
4021 -57
4022 -58
4023 -59
4024 -60
4025 -59
4026 -60
4027 -59
4028 -58
4029 -57
4030 -58
4031 -57
4032 -56
4033 -55
4034 -56
4035 -57
4036 -56
4037 -57
4038 -58
4039 -59
4040 -60
4041 -59
4042 -60
4043 -59
4044 -58
4045 -59
4046 -60
4047 -59
4048 -60
4049 -59
4050 -60
4051 -59
4052 -60
4053 -61
4054 -62
4055 -63
4056 -62
4057 -63
4058 -64
4059 -63
4060 -62
4061 -63
4062 -64
4063 -63
4064 -62
4065 -63
4066 -64
4067 -65
4068 -66
4069 -65
4070 -66
4071 -67
4072 -68
4073 -67
4074 -66
4075 -65
4076 -66
4077 -65
4078 -64
4079 -65
4080 -64
4081 -65
4082 -64
4083 -63
4084 -64
4085 -63
4086 -64
4087 -63
4088 -64
4089 -63
4090 -64
4091 -65
4092 -66
4093 -65
4094 -66
4095 -65
4096 -66
4097 -67
4098 -66
4099 -65
4100 -66
4101 -65
4102 -66
4103 -65
4104 -66
4105 -67
4106 -66
4107 -65
4108 -64
4109 -65
4110 -64
4111 -65
4112 -66
4113 -65
4114 -64
4115 -65
4116 -64
4117 -63
4118 -64
4119 -65
4120 -66
4121 -65
4122 -64
4123 -65
4124 -66
4125 -67
4126 -68
4127 -67
4128 -66
4129 -67
4130 -66
4131 -65
4132 -66
4133 -67
4134 -66
4135 -65
4136 -64
4137 -65
4138 -66
4139 -65
4140 -66
4141 -67
4142 -66
4143 -65
4144 -64
4145 -63
4146 -64
4147 -63
4148 -62
4149 -61
4150 -62
4151 -63
4152 -62
4153 -61
4154 -60
4155 -61
4156 -62
4157 -61
4158 -60
4159 -61
4160 -62
4161 -61
4162 -62
4163 -63
4164 -64
4165 -63
4166 -62
4167 -61
4168 -62
4169 -63
4170 -64
4171 -63
4172 -64
4173 -63
4174 -62
4175 -63
4176 -62
4177 -63
4178 -64
4179 -63
4180 -62
4181 -63
4182 -62
4183 -63
4184 -62
4185 -61
4186 -62
4187 -63
4188 -64
4189 -65
4190 -64
4191 -63
4192 -64
4193 -65
4194 -66
4195 -67
4196 -68
4197 -69
4198 -68
4199 -69
4200 -68
4201 -69
4202 -70
4203 -71
4204 -70
4205 -71
4206 -72
4207 -71
4208 -70
4209 -69
4210 -70
4211 -71
4212 -72
4213 -71
4214 -72
4215 -73
4216 -72
4217 -71
4218 -72
4219 -73
4220 -72
4221 -73
4222 -72
4223 -73
4224 -72
4225 -73
4226 -72
4227 -73
4228 -72
4229 -73
4230 -74
4231 -73
4232 -72
4233 -73
4234 -74
4235 -75
4236 -74
4237 -75
4238 -74
4239 -75
4240 -76
4241 -75
4242 -74
4243 -75
4244 -74
4245 -73
4246 -74
4247 -73
4248 -74
4249 -75
4250 -76
4251 -77
4252 -78
4253 -79
4254 -78
4255 -79
4256 -80
4257 -81
4258 -80
4259 -81
4260 -80
4261 -79
4262 -80
4263 -81
4264 -80
4265 -79
4266 -78
4267 -77
4268 -78
4269 -79
4270 -80
4271 -81
4272 -80
4273 -79
4274 -78
4275 -77
4276 -76
4277 -77
4278 -76
4279 -75
4280 -74
4281 -75
4282 -76
4283 -77
4284 -78
4285 -79
4286 -78
4287 -79
4288 -80
4289 -79
4290 -80
4291 -81
4292 -80
4293 -79
4294 -80
4295 -79
4296 -78
4297 -79
4298 -78
4299 -77
4300 -78
4301 -79
4302 -78
4303 -79
4304 -78
4305 -79
4306 -80
4307 -79
4308 -78
4309 -77
4310 -76
4311 -75
4312 -76
4313 -77
4314 -76
4315 -75
4316 -74
4317 -73
4318 -72
4319 -73
4320 -74
4321 -75
4322 -74
4323 -73
4324 -74
4325 -73
4326 -72
4327 -71
4328 -72
4329 -71
4330 -72
4331 -73
4332 -72
4333 -73
4334 -72
4335 -71
4336 -70
4337 -69
4338 -68
4339 -67
4340 -68
4341 -69
4342 -70
4343 -71
4344 -70
4345 -71
4346 -70
4347 -71
4348 -70
4349 -71
4350 -72
4351 -73
4352 -74
4353 -75
4354 -76
4355 -77
4356 -76
4357 -75
4358 -76
4359 -75
4360 -76
4361 -77
4362 -78
4363 -79
4364 -80
4365 -81
4366 -80
4367 -79
4368 -78
4369 -77
4370 -78
4371 -79
4372 -78
4373 -79
4374 -78
4375 -77
4376 -78
4377 -79
4378 -80
4379 -79
4380 -80
4381 -79
4382 -78
4383 -77
4384 -78
4385 -77
4386 -78
4387 -77
4388 -76
4389 -77
4390 -78
4391 -79
4392 -80
4393 -81
4394 -80
4395 -81
4396 -80
4397 -81
4398 -82
4399 -83
4400 -82
4401 -81
4402 -80
4403 -81
4404 -80
4405 -79
4406 -80
4407 -79
4408 -78
4409 -79
4410 -78
4411 -77
4412 -78
4413 -79
4414 -80
4415 -81
4416 -82
4417 -81
4418 -82
4419 -81
4420 -80
4421 -81
4422 -80
4423 -81
4424 -80
4425 -81
4426 -82
4427 -81
4428 -82
4429 -83
4430 -82
4431 -83
4432 -82
4433 -81
4434 -80
4435 -81
4436 -80
4437 -79
4438 -78
4439 -77
4440 -78
4441 -77
4442 -76
4443 -77
4444 -76
4445 -75
4446 -76
4447 -77
4448 -78
4449 -77
4450 -76
4451 -77
4452 -78
4453 -79
4454 -80
4455 -81
4456 -80
4457 -79
4458 -80
4459 -81
4460 -82
4461 -81
4462 -80
4463 -81
4464 -82
4465 -83
4466 -84
4467 -85
4468 -86
4469 -85
4470 -86
4471 -85
4472 -86
4473 -85
4474 -84
4475 -85
4476 -86
4477 -85
4478 -84
4479 -83
4480 -82
4481 -81
4482 -82
4483 -81
4484 -80
4485 -79
4486 -80
4487 -81
4488 -82
4489 -83
4490 -84
4491 -85
4492 -86
4493 -87
4494 -86
4495 -85
4496 -86
4497 -85
4498 -84
4499 -83
4500 -82
4501 -81
4502 -82
4503 -83
4504 -82
4505 -83
4506 -84
4507 -83
4508 -84
4509 -85
4510 -86
4511 -85
4512 -84
4513 -83
4514 -84
4515 -85
4516 -84
4517 -83
4518 -82
4519 -81
4520 -80
4521 -79
4522 -80
4523 -79
4524 -80
4525 -81
4526 -82
4527 -81
4528 -80
4529 -79
4530 -78
4531 -79
4532 -78
4533 -79
4534 -80
4535 -81
4536 -80
4537 -79
4538 -80
4539 -79
4540 -78
4541 -77
4542 -78
4543 -77
4544 -76
4545 -75
4546 -74
4547 -75
4548 -76
4549 -75
4550 -74
4551 -75
4552 -76
4553 -77
4554 -76
4555 -77
4556 -76
4557 -77
4558 -76
4559 -77
4560 -78
4561 -77
4562 -78
4563 -77
4564 -76
4565 -77
4566 -76
4567 -77
4568 -76
4569 -75
4570 -74
4571 -75
4572 -74
4573 -73
4574 -74
4575 -73
4576 -72
4577 -73
4578 -74
4579 -75
4580 -76
4581 -77
4582 -78
4583 -77
4584 -76
4585 -77
4586 -78
4587 -79
4588 -80
4589 -81
4590 -82
4591 -81
4592 -82
4593 -83
4594 -84
4595 -83
4596 -82
4597 -83
4598 -84
4599 -85
4600 -84
4601 -83
4602 -82
4603 -81
4604 -82
4605 -83
4606 -84
4607 -83
4608 -84
4609 -83
4610 -82
4611 -81
4612 -82
4613 -81
4614 -80
4615 -79
4616 -80
4617 -79
4618 -78
4619 -79
4620 -78
4621 -79
4622 -80
4623 -81
4624 -80
4625 -81
4626 -82
4627 -81
4628 -82
4629 -81
4630 -82
4631 -81
4632 -80
4633 -81
4634 -80
4635 -81
4636 -80
4637 -79
4638 -80
4639 -79
4640 -78
4641 -77
4642 -78
4643 -79
4644 -80
4645 -79
4646 -80
4647 -79
4648 -80
4649 -81
4650 -80
4651 -79
4652 -78
4653 -77
4654 -78
4655 -79
4656 -78
4657 -79
4658 -78
4659 -79
4660 -78
4661 -77
4662 -78
4663 -77
4664 -78
4665 -79
4666 -80
4667 -81
4668 -82
4669 -83
4670 -82
4671 -83
4672 -84
4673 -83
4674 -84
4675 -83
4676 -84
4677 -83
4678 -84
4679 -85
4680 -84
4681 -83
4682 -82
4683 -81
4684 -82
4685 -83
4686 -84
4687 -85
4688 -86
4689 -85
4690 -86
4691 -87
4692 -86
4693 -87
4694 -88
4695 -87
4696 -88
4697 -87
4698 -86
4699 -85
4700 -86
4701 -85
4702 -86
4703 -87
4704 -88
4705 -87
4706 -88
4707 -87
4708 -88
4709 -89
4710 -90
4711 -89
4712 -90
4713 -91
4714 -90
4715 -89
4716 -90
4717 -89
4718 -90
4719 -91
4720 -90
4721 -89
4722 -90
4723 -91
4724 -90
4725 -89
4726 -88
4727 -87
4728 -86
4729 -85
4730 -86
4731 -85
4732 -86
4733 -87
4734 -88
4735 -89
4736 -88
4737 -87
4738 -88
4739 -87
4740 -88
4741 -87
4742 -88
4743 -89
4744 -90
4745 -89
4746 -88
4747 -89
4748 -88
4749 -89
4750 -88
4751 -89
4752 -90
4753 -91
4754 -90
4755 -91
4756 -92
4757 -91
4758 -92
4759 -93
4760 -94
4761 -93
4762 -92
4763 -93
4764 -92
4765 -93
4766 -94
4767 -93
4768 -92
4769 -91
4770 -90
4771 -89
4772 -90
4773 -91
4774 -90
4775 -89
4776 -88
4777 -89
4778 -88
4779 -89
4780 -90
4781 -91
4782 -90
4783 -89
4784 -90
4785 -89
4786 -88
4787 -87
4788 -88
4789 -87
4790 -88
4791 -87
4792 -86
4793 -85
4794 -86
4795 -85
4796 -84
4797 -85
4798 -84
4799 -83
4800 -84
4801 -83
4802 -84
4803 -83
4804 -84
4805 -85
4806 -86
4807 -85
4808 -84
4809 -85
4810 -86
4811 -87
4812 -88
4813 -87
4814 -86
4815 -87
4816 -86
4817 -85
4818 -84
4819 -85
4820 -86
4821 -87
4822 -86
4823 -87
4824 -86
4825 -85
4826 -86
4827 -87
4828 -86
4829 -87
4830 -88
4831 -89
4832 -88
4833 -89
4834 -90
4835 -91
4836 -92
4837 -93
4838 -92
4839 -91
4840 -90
4841 -89
4842 -88
4843 -89
4844 -88
4845 -87
4846 -86
4847 -85
4848 -86
4849 -87
4850 -88
4851 -87
4852 -88
4853 -87
4854 -86
4855 -85
4856 -84
4857 -83
4858 -84
4859 -85
4860 -86
4861 -85
4862 -84
4863 -85
4864 -86
4865 -87
4866 -86
4867 -85
4868 -84
4869 -85
4870 -84
4871 -83
4872 -84
4873 -83
4874 -82
4875 -81
4876 -80
4877 -81
4878 -82
4879 -81
4880 -80
4881 -81
4882 -80
4883 -79
4884 -78
4885 -79
4886 -78
4887 -79
4888 -78
4889 -77
4890 -76
4891 -77
4892 -76
4893 -75
4894 -74
4895 -75
4896 -76
4897 -75
4898 -74
4899 -75
4900 -76
4901 -77
4902 -76
4903 -75
4904 -74
4905 -75
4906 -74
4907 -73
4908 -72
4909 -73
4910 -74
4911 -75
4912 -76
4913 -77
4914 -78
4915 -79
4916 -80
4917 -81
4918 -80
4919 -79
4920 -80
4921 -81
4922 -80
4923 -79
4924 -78
4925 -79
4926 -80
4927 -79
4928 -80
4929 -79
4930 -80
4931 -81
4932 -80
4933 -81
4934 -80
4935 -81
4936 -82
4937 -81
4938 -80
4939 -79
4940 -80
4941 -79
4942 -78
4943 -79
4944 -80
4945 -81
4946 -82
4947 -83
4948 -82
4949 -81
4950 -82
4951 -81
4952 -80
4953 -79
4954 -78
4955 -79
4956 -78
4957 -79
4958 -80
4959 -81
4960 -82
4961 -83
4962 -84
4963 -83
4964 -84
4965 -83
4966 -82
4967 -81
4968 -82
4969 -81
4970 -80
4971 -79
4972 -80
4973 -81
4974 -80
4975 -79
4976 -80
4977 -81
4978 -80
4979 -81
4980 -82
4981 -83
4982 -84
4983 -85
4984 -84
4985 -85
4986 -86
4987 -87
4988 -86
4989 -85
4990 -86
4991 -85
4992 -84
4993 -83
4994 -84
4995 -85
4996 -84
4997 -83
4998 -82
4999 -83
5000 -84
5001 -83
5002 -82
5003 -83
5004 -82
5005 -81
5006 -80
5007 -79
5008 -80
5009 -79
5010 -78
5011 -79
5012 -80
5013 -79
5014 -80
5015 -79
5016 -78
5017 -77
5018 -78
5019 -79
5020 -78
5021 -79
5022 -80
5023 -79
5024 -78
5025 -79
5026 -78
5027 -79
5028 -78
5029 -79
5030 -78
5031 -79
5032 -78
5033 -77
5034 -78
5035 -77
5036 -78
5037 -79
5038 -80
5039 -79
5040 -80
5041 -81
5042 -80
5043 -79
5044 -78
5045 -77
5046 -78
5047 -79
5048 -78
5049 -79
5050 -78
5051 -79
5052 -78
5053 -77
5054 -76
5055 -75
5056 -74
5057 -75
5058 -76
5059 -77
5060 -78
5061 -79
5062 -78
5063 -79
5064 -78
5065 -77
5066 -76
5067 -75
5068 -74
5069 -75
5070 -76
5071 -77
5072 -76
5073 -75
5074 -74
5075 -75
5076 -74
5077 -73
5078 -72
5079 -73
5080 -72
5081 -71
5082 -70
5083 -71
5084 -70
5085 -71
5086 -70
5087 -71
5088 -72
5089 -71
5090 -72
5091 -71
5092 -70
5093 -69
5094 -70
5095 -71
5096 -72
5097 -73
5098 -74
5099 -73
5100 -74
5101 -73
5102 -74
5103 -75
5104 -74
5105 -73
5106 -74
5107 -75
5108 -74
5109 -73
5110 -72
5111 -71
5112 -72
5113 -73
5114 -72
5115 -73
5116 -74
5117 -75
5118 -76
5119 -77
5120 -76
5121 -75
5122 -76
5123 -75
5124 -76
5125 -77
5126 -78
5127 -77
5128 -76
5129 -75
5130 -74
5131 -73
5132 -74
5133 -73
5134 -74
5135 -75
5136 -74
5137 -73
5138 -72
5139 -73
5140 -74
5141 -73
5142 -74
5143 -73
5144 -72
5145 -73
5146 -72
5147 -71
5148 -72
5149 -71
5150 -72
5151 -73
5152 -74
5153 -75
5154 -74
5155 -75
5156 -74
5157 -75
5158 -74
5159 -73
5160 -74
5161 -75
5162 -74
5163 -75
5164 -76
5165 -77
5166 -78
5167 -77
5168 -78
5169 -77
5170 -76
5171 -77
5172 -78
5173 -77
5174 -76
5175 -75
5176 -74
5177 -73
5178 -72
5179 -73
5180 -74
5181 -75
5182 -74
5183 -73
5184 -72
5185 -73
5186 -74
5187 -73
5188 -72
5189 -71
5190 -70
5191 -69
5192 -70
5193 -69
5194 -70
5195 -71
5196 -72
5197 -71
5198 -72
5199 -73
5200 -72
5201 -71
5202 -72
5203 -71
5204 -70
5205 -69
5206 -70
5207 -69
5208 -70
5209 -71
5210 -70
5211 -71
5212 -72
5213 -73
5214 -72
5215 -71
5216 -72
5217 -71
5218 -70
5219 -69
5220 -70
5221 -71
5222 -72
5223 -73
5224 -74
5225 -75
5226 -76
5227 -75
5228 -74
5229 -73
5230 -74
5231 -73
5232 -74
5233 -75
5234 -76
5235 -77
5236 -76
5237 -77
5238 -78
5239 -79
5240 -80
5241 -81
5242 -80
5243 -81
5244 -82
5245 -81
5246 -80
5247 -79
5248 -78
5249 -77
5250 -76
5251 -75
5252 -76
5253 -77
5254 -76
5255 -75
5256 -76
5257 -75
5258 -74
5259 -75
5260 -76
5261 -75
5262 -76
5263 -77
5264 -78
5265 -77
5266 -78
5267 -77
5268 -78
5269 -77
5270 -78
5271 -77
5272 -78
5273 -79
5274 -80
5275 -81
5276 -82
5277 -83
5278 -84
5279 -85
5280 -84
5281 -83
5282 -84
5283 -85
5284 -84
5285 -85
5286 -86
5287 -85
5288 -86
5289 -85
5290 -86
5291 -85
5292 -84
5293 -85
5294 -84
5295 -85
5296 -86
5297 -85
5298 -84
5299 -83
5300 -82
5301 -83
5302 -84
5303 -85
5304 -84
5305 -85
5306 -86
5307 -85
5308 -84
5309 -85
5310 -86
5311 -85
5312 -84
5313 -83
5314 -84
5315 -85
5316 -86
5317 -87
5318 -86
5319 -87
5320 -86
5321 -85
5322 -86
5323 -85
5324 -84
5325 -85
5326 -84
5327 -83
5328 -84
5329 -85
5330 -86
5331 -87
5332 -88
5333 -89
5334 -90
5335 -91
5336 -90
5337 -89
5338 -88
5339 -89
5340 -90
5341 -91
5342 -92
5343 -93
5344 -94
5345 -93
5346 -92
5347 -93
5348 -94
5349 -93
5350 -94
5351 -95
5352 -94
5353 -95
5354 -96
5355 -97
5356 -98
5357 -97
5358 -96
5359 -95
5360 -96
5361 -95
5362 -94
5363 -93
5364 -92
5365 -91
5366 -92
5367 -93
5368 -94
5369 -93
5370 -94
5371 -93
5372 -94
5373 -95
5374 -96
5375 -95
5376 -96
5377 -97
5378 -98
5379 -99
5380 -98
5381 -99
5382 -100
5383 -99
5384 -98
5385 -97
5386 -96
5387 -97
5388 -98
5389 -97
5390 -98
5391 -99
5392 -100
5393 -101
5394 -102
5395 -103
5396 -104
5397 -105
5398 -104
5399 -103
5400 -104
5401 -103
5402 -102
5403 -103
5404 -102
5405 -103
5406 -102
5407 -103
5408 -104
5409 -103
5410 -102
5411 -101
5412 -102
5413 -101
5414 -100
5415 -99
5416 -98
5417 -97
5418 -96
5419 -97
5420 -96
5421 -97
5422 -96
5423 -97
5424 -96
5425 -97
5426 -96
5427 -97
5428 -98
5429 -99
5430 -98
5431 -97
5432 -98
5433 -99
5434 -98
5435 -99
5436 -100
5437 -101
5438 -100
5439 -101
5440 -100
5441 -99
5442 -100
5443 -101
5444 -102
5445 -101
5446 -100
5447 -99
5448 -100
5449 -99
5450 -100
5451 -101
5452 -100
5453 -99
5454 -100
5455 -99
5456 -100
5457 -99
5458 -98
5459 -99
5460 -100
5461 -101
5462 -102
5463 -101
5464 -100
5465 -101
5466 -102
5467 -103
5468 -104
5469 -103
5470 -102
5471 -101
5472 -100
5473 -99
5474 -98
5475 -97
5476 -96
5477 -95
5478 -94
5479 -95
5480 -94
5481 -95
5482 -96
5483 -97
5484 -98
5485 -97
5486 -96
5487 -95
5488 -96
5489 -97
5490 -96
5491 -95
5492 -96
5493 -97
5494 -96
5495 -97
5496 -98
5497 -97
5498 -98
5499 -99
5500 -98
5501 -99
5502 -98
5503 -99
5504 -98
5505 -99
5506 -100
5507 -99
5508 -98
5509 -97
5510 -96
5511 -97
5512 -96
5513 -97
5514 -96
5515 -97
5516 -98
5517 -97
5518 -98
5519 -99
5520 -98
5521 -97
5522 -96
5523 -95
5524 -96
5525 -95
5526 -94
5527 -93
5528 -94
5529 -93
5530 -92
5531 -93
5532 -92
5533 -93
5534 -94
5535 -93
5536 -92
5537 -91
5538 -90
5539 -89
5540 -88
5541 -89
5542 -88
5543 -89
5544 -90
5545 -89
5546 -90
5547 -89
5548 -88
5549 -89
5550 -88
5551 -87
5552 -86
5553 -85
5554 -84
5555 -83
5556 -84
5557 -85
5558 -84
5559 -83
5560 -82
5561 -81
5562 -80
5563 -81
5564 -82
5565 -83
5566 -82
5567 -81
5568 -82
5569 -83
5570 -82
5571 -81
5572 -82
5573 -81
5574 -80
5575 -79
5576 -78
5577 -77
5578 -76
5579 -75
5580 -76
5581 -75
5582 -74
5583 -75
5584 -76
5585 -75
5586 -74
5587 -73
5588 -72
5589 -71
5590 -70
5591 -69
5592 -70
5593 -71
5594 -72
5595 -73
5596 -74
5597 -73
5598 -74
5599 -73
5600 -74
5601 -75
5602 -74
5603 -75
5604 -76
5605 -77
5606 -78
5607 -79
5608 -78
5609 -77
5610 -76
5611 -77
5612 -76
5613 -77
5614 -78
5615 -77
5616 -78
5617 -79
5618 -80
5619 -81
5620 -82
5621 -83
5622 -82
5623 -83
5624 -84
5625 -83
5626 -84
5627 -83
5628 -84
5629 -83
5630 -82
5631 -83
5632 -84
5633 -83
5634 -82
5635 -83
5636 -82
5637 -81
5638 -82
5639 -81
5640 -80
5641 -79
5642 -78
5643 -79
5644 -78
5645 -77
5646 -78
5647 -79
5648 -78
5649 -77
5650 -76
5651 -77
5652 -76
5653 -75
5654 -74
5655 -73
5656 -72
5657 -73
5658 -72
5659 -71
5660 -70
5661 -71
5662 -70
5663 -71
5664 -70
5665 -69
5666 -68
5667 -67
5668 -66
5669 -67
5670 -68
5671 -67
5672 -68
5673 -69
5674 -70
5675 -71
5676 -72
5677 -73
5678 -74
5679 -75
5680 -74
5681 -75
5682 -74
5683 -75
5684 -74
5685 -75
5686 -76
5687 -77
5688 -76
5689 -77
5690 -76
5691 -77
5692 -78
5693 -77
5694 -78
5695 -79
5696 -78
5697 -79
5698 -78
5699 -79
5700 -78
5701 -77
5702 -76
5703 -77
5704 -76
5705 -77
5706 -76
5707 -77
5708 -76
5709 -77
5710 -76
5711 -77
5712 -78
5713 -79
5714 -78
5715 -79
5716 -78
5717 -79
5718 -80
5719 -79
5720 -80
5721 -79
5722 -78
5723 -79
5724 -78
5725 -79
5726 -78
5727 -79
5728 -78
5729 -77
5730 -78
5731 -77
5732 -76
5733 -77
5734 -76
5735 -75
5736 -74
5737 -73
5738 -72
5739 -73
5740 -74
5741 -73
5742 -74
5743 -75
5744 -76
5745 -75
5746 -76
5747 -75
5748 -74
5749 -75
5750 -76
5751 -75
5752 -76
5753 -75
5754 -76
5755 -75
5756 -74
5757 -75
5758 -76
5759 -75
5760 -76
5761 -77
5762 -78
5763 -77
5764 -76
5765 -75
5766 -76
5767 -77
5768 -76
5769 -75
5770 -76
5771 -75
5772 -74
5773 -75
5774 -74
5775 -73
5776 -74
5777 -73
5778 -72
5779 -73
5780 -72
5781 -71
5782 -70
5783 -69
5784 -68
5785 -69
5786 -70
5787 -69
5788 -68
5789 -67
5790 -66
5791 -67
5792 -68
5793 -67
5794 -68
5795 -69
5796 -68
5797 -67
5798 -66
5799 -67
5800 -66
5801 -67
5802 -66
5803 -65
5804 -66
5805 -67
5806 -66
5807 -65
5808 -64
5809 -65
5810 -66
5811 -67
5812 -66
5813 -65
5814 -66
5815 -65
5816 -64
5817 -63
5818 -62
5819 -61
5820 -60
5821 -59
5822 -58
5823 -59
5824 -60
5825 -59
5826 -60
5827 -59
5828 -60
5829 -61
5830 -60
5831 -61
5832 -62
5833 -63
5834 -62
5835 -61
5836 -62
5837 -61
5838 -60
5839 -61
5840 -62
5841 -63
5842 -64
5843 -65
5844 -64
5845 -63
5846 -64
5847 -63
5848 -64
5849 -65
5850 -66
5851 -67
5852 -68
5853 -67
5854 -68
5855 -67
5856 -68
5857 -69
5858 -70
5859 -69
5860 -70
5861 -69
5862 -68
5863 -67
5864 -68
5865 -69
5866 -70
5867 -71
5868 -72
5869 -71
5870 -70
5871 -69
5872 -68
5873 -69
5874 -70
5875 -71
5876 -70
5877 -71
5878 -72
5879 -71
5880 -70
5881 -71
5882 -72
5883 -71
5884 -70
5885 -71
5886 -70
5887 -69
5888 -68
5889 -67
5890 -66
5891 -67
5892 -68
5893 -69
5894 -68
5895 -67
5896 -66
5897 -65
5898 -64
5899 -65
5900 -66
5901 -65
5902 -64
5903 -63
5904 -64
5905 -63
5906 -62
5907 -61
5908 -62
5909 -63
5910 -62
5911 -61
5912 -60
5913 -59
5914 -58
5915 -57
5916 -56
5917 -57
5918 -58
5919 -59
5920 -58
5921 -59
5922 -58
5923 -59
5924 -58
5925 -57
5926 -56
5927 -57
5928 -56
5929 -57
5930 -56
5931 -55
5932 -56
5933 -55
5934 -54
5935 -53
5936 -52
5937 -51
5938 -52
5939 -53
5940 -54
5941 -55
5942 -56
5943 -55
5944 -56
5945 -57
5946 -58
5947 -57
5948 -56
5949 -55
5950 -56
5951 -55
5952 -56
5953 -55
5954 -54
5955 -55
5956 -56
5957 -57
5958 -58
5959 -57
5960 -58
5961 -59
5962 -58
5963 -57
5964 -56
5965 -55
5966 -54
5967 -55
5968 -56
5969 -55
5970 -54
5971 -53
5972 -54
5973 -53
5974 -54
5975 -55
5976 -54
5977 -55
5978 -54
5979 -55
5980 -56
5981 -57
5982 -58
5983 -57
5984 -56
5985 -57
5986 -58
5987 -57
5988 -58
5989 -57
5990 -56
5991 -57
5992 -58
5993 -59
5994 -58
5995 -59
5996 -60
5997 -61
5998 -62
5999 -63
6000 -64
6001 -63
6002 -62
6003 -63
6004 -62
6005 -63
6006 -64
6007 -65
6008 -66
6009 -67
6010 -68
6011 -69
6012 -70
6013 -69
6014 -68
6015 -67
6016 -66
6017 -67
6018 -68
6019 -69
6020 -70
6021 -69
6022 -68
6023 -67
6024 -66
6025 -67
6026 -68
6027 -67
6028 -66
6029 -67
6030 -66
6031 -65
6032 -66
6033 -67
6034 -68
6035 -67
6036 -68
6037 -69
6038 -70
6039 -71
6040 -72
6041 -73
6042 -74
6043 -73
6044 -74
6045 -75
6046 -74
6047 -73
6048 -72
6049 -73
6050 -72
6051 -73
6052 -74
6053 -75
6054 -76
6055 -77
6056 -78
6057 -77
6058 -78
6059 -77
6060 -78
6061 -77
6062 -76
6063 -75
6064 -74
6065 -73
6066 -74
6067 -73
6068 -72
6069 -71
6070 -72
6071 -71
6072 -70
6073 -69
6074 -68
6075 -69
6076 -68
6077 -69
6078 -70
6079 -71
6080 -72
6081 -73
6082 -74
6083 -73
6084 -74
6085 -75
6086 -74
6087 -75
6088 -74
6089 -73
6090 -74
6091 -75
6092 -74
6093 -75
6094 -74
6095 -75
6096 -76
6097 -77
6098 -76
6099 -75
6100 -74
6101 -73
6102 -74
6103 -73
6104 -72
6105 -71
6106 -70
6107 -69
6108 -68
6109 -67
6110 -66
6111 -65
6112 -64
6113 -63
6114 -62
6115 -61
6116 -60
6117 -59
6118 -60
6119 -61
6120 -62
6121 -63
6122 -62
6123 -63
6124 -64
6125 -63
6126 -62
6127 -63
6128 -64
6129 -63
6130 -62
6131 -61
6132 -62
6133 -61
6134 -60
6135 -61
6136 -60
6137 -61
6138 -60
6139 -61
6140 -62
6141 -61
6142 -62
6143 -63
6144 -64
6145 -65
6146 -66
6147 -65
6148 -66
6149 -65
6150 -66
6151 -65
6152 -66
6153 -65
6154 -66
6155 -65
6156 -66
6157 -67
6158 -68
6159 -67
6160 -66
6161 -67
6162 -68
6163 -69
6164 -68
6165 -67
6166 -68
6167 -67
6168 -66
6169 -67
6170 -68
6171 -67
6172 -66
6173 -67
6174 -66
6175 -67
6176 -66
6177 -67
6178 -66
6179 -67
6180 -66
6181 -67
6182 -68
6183 -69
6184 -68
6185 -69
6186 -70
6187 -71
6188 -70
6189 -69
6190 -68
6191 -67
6192 -68
6193 -69
6194 -68
6195 -69
6196 -70
6197 -69
6198 -68
6199 -67
6200 -68
6201 -67
6202 -68
6203 -69
6204 -68
6205 -69
6206 -70
6207 -71
6208 -72
6209 -71
6210 -70
6211 -69
6212 -70
6213 -69
6214 -68
6215 -69
6216 -68
6217 -67
6218 -66
6219 -67
6220 -66
6221 -65
6222 -66
6223 -65
6224 -64
6225 -63
6226 -64
6227 -63
6228 -62
6229 -61
6230 -60
6231 -61
6232 -60
6233 -59
6234 -60
6235 -61
6236 -62
6237 -61
6238 -62
6239 -61
6240 -62
6241 -61
6242 -60
6243 -61
6244 -62
6245 -61
6246 -60
6247 -59
6248 -60
6249 -59
6250 -58
6251 -59
6252 -58
6253 -57
6254 -58
6255 -59
6256 -60
6257 -59
6258 -58
6259 -59
6260 -60
6261 -59
6262 -60
6263 -59
6264 -58
6265 -57
6266 -56
6267 -57
6268 -58
6269 -57
6270 -56
6271 -55
6272 -54
6273 -53
6274 -52
6275 -53
6276 -54
6277 -53
6278 -52
6279 -53
6280 -54
6281 -55
6282 -54
6283 -55
6284 -56
6285 -55
6286 -56
6287 -57
6288 -56
6289 -57
6290 -56
6291 -55
6292 -54
6293 -53
6294 -52
6295 -53
6296 -52
6297 -51
6298 -52
6299 -53
6300 -54
6301 -55
6302 -56
6303 -55
6304 -56
6305 -55
6306 -54
6307 -53
6308 -52
6309 -51
6310 -50
6311 -51
6312 -52
6313 -51
6314 -52
6315 -53
6316 -52
6317 -53
6318 -54
6319 -55
6320 -56
6321 -57
6322 -56
6323 -57
6324 -56
6325 -57
6326 -58
6327 -59
6328 -60
6329 -61
6330 -60
6331 -59
6332 -60
6333 -61
6334 -62
6335 -63
6336 -62
6337 -63
6338 -64
6339 -65
6340 -64
6341 -65
6342 -66
6343 -67
6344 -68
6345 -67
6346 -66
6347 -67
6348 -66
6349 -65
6350 -66
6351 -65
6352 -64
6353 -63
6354 -64
6355 -65
6356 -64
6357 -65
6358 -66
6359 -65
6360 -66
6361 -67
6362 -66
6363 -65
6364 -66
6365 -65
6366 -64
6367 -65
6368 -66
6369 -67
6370 -66
6371 -67
6372 -66
6373 -67
6374 -68
6375 -67
6376 -66
6377 -65
6378 -64
6379 -65
6380 -64
6381 -65
6382 -64
6383 -65
6384 -64
6385 -65
6386 -64
6387 -63
6388 -62
6389 -61
6390 -62
6391 -61
6392 -60
6393 -61
6394 -60
6395 -61
6396 -62
6397 -61
6398 -60
6399 -59
6400 -60
6401 -61
6402 -60
6403 -61
6404 -62
6405 -61
6406 -62
6407 -63
6408 -64
6409 -65
6410 -66
6411 -65
6412 -66
6413 -67
6414 -66
6415 -65
6416 -64
6417 -63
6418 -62
6419 -61
6420 -62
6421 -63
6422 -64
6423 -65
6424 -66
6425 -65
6426 -66
6427 -67
6428 -68
6429 -67
6430 -68
6431 -69
6432 -70
6433 -71
6434 -72
6435 -71
6436 -70
6437 -71
6438 -70
6439 -69
6440 -68
6441 -69
6442 -70
6443 -69
6444 -70
6445 -71
6446 -70
6447 -71
6448 -72
6449 -71
6450 -72
6451 -71
6452 -72
6453 -73
6454 -74
6455 -75
6456 -74
6457 -75
6458 -74
6459 -75
6460 -76
6461 -77
6462 -78
6463 -79
6464 -78
6465 -79
6466 -78
6467 -77
6468 -76
6469 -77
6470 -78
6471 -77
6472 -76
6473 -75
6474 -74
6475 -75
6476 -76
6477 -77
6478 -78
6479 -79
6480 -78
6481 -77
6482 -78
6483 -79
6484 -80
6485 -79
6486 -78
6487 -77
6488 -76
6489 -75
6490 -76
6491 -77
6492 -78
6493 -77
6494 -78
6495 -79
6496 -80
6497 -79
6498 -78
6499 -77
6500 -78
6501 -77
6502 -76
6503 -77
6504 -76
6505 -75
6506 -76
6507 -77
6508 -78
6509 -77
6510 -76
6511 -75
6512 -76
6513 -77
6514 -78
6515 -77
6516 -78
6517 -77
6518 -76
6519 -77
6520 -78
6521 -79
6522 -78
6523 -77
6524 -78
6525 -79
6526 -80
6527 -79
6528 -78
6529 -77
6530 -76
6531 -75
6532 -76
6533 -77
6534 -76
6535 -75
6536 -74
6537 -73
6538 -74
6539 -73
6540 -74
6541 -73
6542 -74
6543 -73
6544 -72
6545 -71
6546 -70
6547 -71
6548 -72
6549 -73
6550 -72
6551 -71
6552 -72
6553 -71
6554 -70
6555 -71
6556 -72
6557 -71
6558 -72
6559 -71
6560 -72
6561 -73
6562 -72
6563 -71
6564 -72
6565 -73
6566 -74
6567 -75
6568 -76
6569 -75
6570 -76
6571 -77
6572 -78
6573 -77
6574 -76
6575 -75
6576 -76
6577 -77
6578 -76
6579 -77
6580 -76
6581 -77
6582 -78
6583 -77
6584 -78
6585 -77
6586 -78
6587 -79
6588 -80
6589 -81
6590 -82
6591 -81
6592 -80
6593 -81
6594 -82
6595 -81
6596 -82
6597 -83
6598 -84
6599 -85
6600 -86
6601 -87
6602 -86
6603 -85
6604 -86
6605 -87
6606 -86
6607 -87
6608 -88
6609 -87
6610 -88
6611 -89
6612 -88
6613 -87
6614 -88
6615 -87
6616 -86
6617 -87
6618 -88
6619 -87
6620 -86
6621 -85
6622 -86
6623 -87
6624 -86
6625 -87
6626 -86
6627 -85
6628 -84
6629 -85
6630 -86
6631 -85
6632 -86
6633 -87
6634 -88
6635 -89
6636 -88
6637 -87
6638 -86
6639 -85
6640 -84
6641 -83
6642 -82
6643 -83
6644 -82
6645 -81
6646 -82
6647 -83
6648 -82
6649 -83
6650 -84
6651 -85
6652 -86
6653 -87
6654 -86
6655 -87
6656 -88
6657 -87
6658 -88
6659 -89
6660 -90
6661 -91
6662 -90
6663 -91
6664 -92
6665 -91
6666 -90
6667 -91
6668 -90
6669 -89
6670 -90
6671 -91
6672 -90
6673 -91
6674 -92
6675 -93
6676 -94
6677 -95
6678 -96
6679 -97
6680 -98
6681 -97
6682 -98
6683 -97
6684 -96
6685 -97
6686 -96
6687 -95
6688 -94
6689 -93
6690 -94
6691 -95
6692 -96
6693 -95
6694 -94
6695 -95
6696 -94
6697 -95
6698 -96
6699 -97
6700 -96
6701 -97
6702 -98
6703 -99
6704 -100
6705 -99
6706 -100
6707 -101
6708 -100
6709 -101
6710 -100
6711 -101
6712 -102
6713 -101
6714 -100
6715 -99
6716 -98
6717 -97
6718 -98
6719 -97
6720 -96
6721 -97
6722 -98
6723 -99
6724 -100
6725 -101
6726 -102
6727 -103
6728 -104
6729 -103
6730 -102
6731 -103
6732 -102
6733 -101
6734 -100
6735 -99
6736 -100
6737 -99
6738 -98
6739 -99
6740 -100
6741 -99
6742 -100
6743 -99
6744 -98
6745 -97
6746 -98
6747 -99
6748 -98
6749 -97
6750 -98
6751 -97
6752 -98
6753 -97
6754 -98
6755 -99
6756 -100
6757 -99
6758 -100
6759 -99
6760 -98
6761 -99
6762 -98
6763 -97
6764 -98
6765 -99
6766 -98
6767 -97
6768 -96
6769 -97
6770 -96
6771 -95
6772 -96
6773 -97
6774 -98
6775 -99
6776 -100
6777 -99
6778 -100
6779 -101
6780 -100
6781 -101
6782 -102
6783 -101
6784 -100
6785 -99
6786 -98
6787 -97
6788 -98
6789 -99
6790 -100
6791 -101
6792 -100
6793 -99
6794 -100
6795 -99
6796 -100
6797 -99
6798 -98
6799 -97
6800 -98
6801 -97
6802 -96
6803 -95
6804 -96
6805 -97
6806 -96
6807 -97
6808 -98
6809 -99
6810 -98
6811 -97
6812 -98
6813 -99
6814 -100
6815 -101
6816 -100
6817 -101
6818 -100
6819 -99
6820 -98
6821 -97
6822 -96
6823 -97
6824 -98
6825 -99
6826 -98
6827 -99
6828 -100
6829 -99
6830 -100
6831 -99
6832 -98
6833 -99
6834 -98
6835 -99
6836 -98
6837 -97
6838 -98
6839 -99
6840 -98
6841 -97
6842 -98
6843 -97
6844 -98
6845 -97
6846 -98
6847 -99
6848 -100
6849 -99
6850 -100
6851 -99
6852 -98
6853 -97
6854 -98
6855 -99
6856 -100
6857 -99
6858 -98
6859 -99
6860 -100
6861 -99
6862 -100
6863 -101
6864 -102
6865 -101
6866 -102
6867 -103
6868 -102
6869 -103
6870 -102
6871 -103
6872 -102
6873 -101
6874 -102
6875 -103
6876 -102
6877 -103
6878 -104
6879 -105
6880 -106
6881 -107
6882 -106
6883 -105
6884 -104
6885 -105
6886 -106
6887 -107
6888 -106
6889 -105
6890 -104
6891 -103
6892 -102
6893 -103
6894 -104
6895 -105
6896 -104
6897 -105
6898 -104
6899 -103
6900 -102
6901 -101
6902 -100
6903 -99
6904 -100
6905 -101
6906 -102
6907 -103
6908 -102
6909 -103
6910 -102
6911 -101
6912 -102
6913 -101
6914 -102
6915 -103
6916 -104
6917 -105
6918 -104
6919 -105
6920 -104
6921 -105
6922 -104
6923 -105
6924 -104
6925 -103
6926 -104
6927 -103
6928 -102
6929 -101
6930 -100
6931 -101
6932 -102
6933 -101
6934 -100
6935 -99
6936 -98
6937 -99
6938 -100
6939 -101
6940 -102
6941 -101
6942 -102
6943 -103
6944 -102
6945 -103
6946 -104
6947 -103
6948 -102
6949 -101
6950 -100
6951 -99
6952 -98
6953 -97
6954 -98
6955 -97
6956 -98
6957 -99
6958 -98
6959 -99
6960 -98
6961 -97
6962 -98
6963 -99
6964 -98
6965 -99
6966 -100
6967 -101
6968 -100
6969 -99
6970 -100
6971 -99
6972 -100
6973 -101
6974 -102
6975 -101
6976 -100
6977 -101
6978 -100
6979 -99
6980 -98
6981 -97
6982 -98
6983 -99
6984 -98
6985 -99
6986 -100
6987 -99
6988 -100
6989 -99
6990 -98
6991 -99
6992 -98
6993 -97
6994 -96
6995 -95
6996 -94
6997 -93
6998 -92
6999 -91
7000 -92
7001 -91
7002 -90
7003 -89
7004 -90
7005 -91
7006 -92
7007 -91
7008 -90
7009 -91
7010 -92
7011 -93
7012 -94
7013 -93
7014 -92
7015 -91
7016 -92
7017 -93
7018 -94
7019 -93
7020 -94
7021 -93
7022 -94
7023 -93
7024 -94
7025 -93
7026 -94
7027 -95
7028 -94
7029 -95
7030 -96
7031 -95
7032 -94
7033 -95
7034 -94
7035 -95
7036 -96
7037 -97
7038 -98
7039 -99
7040 -100
7041 -99
7042 -100
7043 -101
7044 -102
7045 -101
7046 -102
7047 -103
7048 -104
7049 -105
7050 -104
7051 -105
7052 -106
7053 -105
7054 -106
7055 -107
7056 -108
7057 -107
7058 -108
7059 -107
7060 -108
7061 -107
7062 -106
7063 -107
7064 -108
7065 -109
7066 -108
7067 -109
7068 -110
7069 -111
7070 -112
7071 -113
7072 -114
7073 -115
7074 -114
7075 -115
7076 -114
7077 -115
7078 -116
7079 -117
7080 -116
7081 -117
7082 -118
7083 -119
7084 -120
7085 -119
7086 -118
7087 -119
7088 -118
7089 -119
7090 -120
7091 -119
7092 -118
7093 -119
7094 -118
7095 -119
7096 -118
7097 -119
7098 -120
7099 -121
7100 -122
7101 -121
7102 -120
7103 -119
7104 -118
7105 -119
7106 -120
7107 -121
7108 -120
7109 -121
7110 -122
7111 -123
7112 -122
7113 -121
7114 -120
7115 -121
7116 -122
7117 -121
7118 -120
7119 -119
7120 -118
7121 -119
7122 -118
7123 -117
7124 -118
7125 -117
7126 -118
7127 -117
7128 -116
7129 -117
7130 -116
7131 -115
7132 -116
7133 -115
7134 -116
7135 -115
7136 -114
7137 -113
7138 -114
7139 -113
7140 -112
7141 -111
7142 -110
7143 -109
7144 -110
7145 -109
7146 -110
7147 -111
7148 -110
7149 -109
7150 -110
7151 -111
7152 -112
7153 -113
7154 -112
7155 -113
7156 -112
7157 -111
7158 -110
7159 -111
7160 -110
7161 -111
7162 -112
7163 -111
7164 -112
7165 -113
7166 -114
7167 -115
7168 -114
7169 -115
7170 -114
7171 -113
7172 -114
7173 -115
7174 -116
7175 -115
7176 -116
7177 -117
7178 -118
7179 -117
7180 -116
7181 -117
7182 -118
7183 -119
7184 -120
7185 -121
7186 -120
7187 -121
7188 -120
7189 -119
7190 -118
7191 -119
7192 -120
7193 -119
7194 -118
7195 -117
7196 -116
7197 -115
7198 -114
7199 -113
7200 -114
7201 -113
7202 -112
7203 -111
7204 -110
7205 -111
7206 -112
7207 -111
7208 -110
7209 -111
7210 -110
7211 -111
7212 -112
7213 -111
7214 -112
7215 -113
7216 -114
7217 -115
7218 -114
7219 -113
7220 -114
7221 -115
7222 -114
7223 -113
7224 -112
7225 -113
7226 -112
7227 -111
7228 -112
7229 -111
7230 -110
7231 -111
7232 -112
7233 -111
7234 -110
7235 -111
7236 -112
7237 -111
7238 -112
7239 -113
7240 -112
7241 -113
7242 -112
7243 -113
7244 -114
7245 -113
7246 -114
7247 -115
7248 -114
7249 -115
7250 -116
7251 -115
7252 -114
7253 -115
7254 -114
7255 -115
7256 -116
7257 -115
7258 -114
7259 -113
7260 -112
7261 -111
7262 -110
7263 -111
7264 -112
7265 -111
7266 -112
7267 -111
7268 -110
7269 -109
7270 -108
7271 -109
7272 -108
7273 -109
7274 -108
7275 -109
7276 -110
7277 -109
7278 -110
7279 -111
7280 -110
7281 -109
7282 -110
7283 -109
7284 -110
7285 -109
7286 -110
7287 -109
7288 -108
7289 -107
7290 -106
7291 -107
7292 -106
7293 -107
7294 -108
7295 -109
7296 -108
7297 -109
7298 -108
7299 -109
7300 -108
7301 -109
7302 -108
7303 -109
7304 -108
7305 -109
7306 -108
7307 -107
7308 -108
7309 -109
7310 -108
7311 -107
7312 -106
7313 -107
7314 -106
7315 -107
7316 -106
7317 -105
7318 -106
7319 -105
7320 -104
7321 -103
7322 -104
7323 -103
7324 -102
7325 -103
7326 -102
7327 -101
7328 -102
7329 -101
7330 -102
7331 -103
7332 -102
7333 -101
7334 -100
7335 -101
7336 -100
7337 -101
7338 -100
7339 -99
7340 -98
7341 -99
7342 -100
7343 -99
7344 -98
7345 -99
7346 -100
7347 -99
7348 -100
7349 -99
7350 -100
7351 -101
7352 -102
7353 -101
7354 -102
7355 -101
7356 -102
7357 -101
7358 -100
7359 -101
7360 -102
7361 -103
7362 -104
7363 -103
7364 -104
7365 -103
7366 -104
7367 -103
7368 -102
7369 -101
7370 -102
7371 -101
7372 -102
7373 -101
7374 -102
7375 -101
7376 -100
7377 -101
7378 -102
7379 -101
7380 -102
7381 -103
7382 -102
7383 -103
7384 -102
7385 -101
7386 -100
7387 -101
7388 -102
7389 -103
7390 -104
7391 -105
7392 -106
7393 -105
7394 -104
7395 -105
7396 -104
7397 -103
7398 -102
7399 -101
7400 -102
7401 -101
7402 -100
7403 -99
7404 -100
7405 -99
7406 -100
7407 -101
7408 -100
7409 -101
7410 -100
7411 -101
7412 -102
7413 -101
7414 -102
7415 -103
7416 -102
7417 -101
7418 -102
7419 -101
7420 -100
7421 -99
7422 -100
7423 -99
7424 -100
7425 -99
7426 -100
7427 -101
7428 -100
7429 -99
7430 -100
7431 -101
7432 -102
7433 -103
7434 -104
7435 -103
7436 -104
7437 -105
7438 -106
7439 -105
7440 -106
7441 -105
7442 -104
7443 -103
7444 -104
7445 -105
7446 -104
7447 -105
7448 -104
7449 -103
7450 -102
7451 -101
7452 -100
7453 -99
7454 -98
7455 -97
7456 -96
7457 -95
7458 -94
7459 -95
7460 -94
7461 -93
7462 -92
7463 -93
7464 -92
7465 -93
7466 -94
7467 -93
7468 -92
7469 -91
7470 -90
7471 -89
7472 -88
7473 -87
7474 -88
7475 -89
7476 -88
7477 -89
7478 -88
7479 -87
7480 -88
7481 -89
7482 -88
7483 -89
7484 -88
7485 -87
7486 -88
7487 -87
7488 -86
7489 -85
7490 -86
7491 -85
7492 -86
7493 -87
7494 -86
7495 -87
7496 -88
7497 -89
7498 -88
7499 -89
7500 -90
7501 -89
7502 -90
7503 -89
7504 -90
7505 -89
7506 -88
7507 -87
7508 -88
7509 -89
7510 -90
7511 -91
7512 -92
7513 -93
7514 -92
7515 -93
7516 -94
7517 -95
7518 -96
7519 -95
7520 -94
7521 -93
7522 -94
7523 -93
7524 -94
7525 -95
7526 -94
7527 -95
7528 -96
7529 -95
7530 -94
7531 -95
7532 -96
7533 -95
7534 -94
7535 -93
7536 -92
7537 -93
7538 -92
7539 -93
7540 -92
7541 -91
7542 -92
7543 -91
7544 -90
7545 -91
7546 -90
7547 -91
7548 -92
7549 -93
7550 -94
7551 -95
7552 -96
7553 -95
7554 -96
7555 -95
7556 -96
7557 -95
7558 -94
7559 -93
7560 -94
7561 -95
7562 -94
7563 -93
7564 -94
7565 -93
7566 -92
7567 -93
7568 -94
7569 -95
7570 -94
7571 -93
7572 -94
7573 -95
7574 -96
7575 -95
7576 -96
7577 -95
7578 -96
7579 -97
7580 -96
7581 -97
7582 -98
7583 -99
7584 -98
7585 -99
7586 -100
7587 -101
7588 -100
7589 -99
7590 -100
7591 -99
7592 -100
7593 -99
7594 -100
7595 -99
7596 -98
7597 -99
7598 -100
7599 -101
7600 -100
7601 -99
7602 -100
7603 -101
7604 -100
7605 -101
7606 -102
7607 -101
7608 -102
7609 -103
7610 -104
7611 -103
7612 -104
7613 -103
7614 -104
7615 -105
7616 -106
7617 -107
7618 -106
7619 -105
7620 -104
7621 -103
7622 -102
7623 -103
7624 -104
7625 -105
7626 -104
7627 -105
7628 -104
7629 -105
7630 -106
7631 -107
7632 -106
7633 -105
7634 -104
7635 -103
7636 -102
7637 -103
7638 -104
7639 -105
7640 -106
7641 -107
7642 -108
7643 -109
7644 -108
7645 -109
7646 -110
7647 -111
7648 -110
7649 -111
7650 -112
7651 -113
7652 -112
7653 -111
7654 -110
7655 -111
7656 -112
7657 -111
7658 -110
7659 -109
7660 -110
7661 -111
7662 -112
7663 -111
7664 -112
7665 -113
7666 -112
7667 -113
7668 -112
7669 -113
7670 -112
7671 -111
7672 -110
7673 -111
7674 -112
7675 -113
7676 -112
7677 -113
7678 -112
7679 -111
7680 -110
7681 -111
7682 -110
7683 -111
7684 -110
7685 -109
7686 -108
7687 -107
7688 -106
7689 -107
7690 -106
7691 -107
7692 -106
7693 -107
7694 -106
7695 -107
7696 -106
7697 -107
7698 -108
7699 -107
7700 -106
7701 -105
7702 -106
7703 -105
7704 -106
7705 -105
7706 -104
7707 -105
7708 -104
7709 -103
7710 -102
7711 -101
7712 -102
7713 -101
7714 -102
7715 -101
7716 -102
7717 -103
7718 -104
7719 -105
7720 -104
7721 -105
7722 -104
7723 -105
7724 -106
7725 -105
7726 -104
7727 -105
7728 -104
7729 -105
7730 -106
7731 -107
7732 -106
7733 -105
7734 -106
7735 -105
7736 -104
7737 -103
7738 -104
7739 -105
7740 -104
7741 -105
7742 -106
7743 -107
7744 -108
7745 -107
7746 -108
7747 -107
7748 -108
7749 -107
7750 -106
7751 -105
7752 -104
7753 -105
7754 -104
7755 -105
7756 -104
7757 -103
7758 -104
7759 -105
7760 -106
7761 -105
7762 -104
7763 -103
7764 -104
7765 -105
7766 -106
7767 -105
7768 -104
7769 -105
7770 -104
7771 -103
7772 -102
7773 -103
7774 -104
7775 -103
7776 -102
7777 -103
7778 -104
7779 -103
7780 -102
7781 -101
7782 -102
7783 -103
7784 -104
7785 -103
7786 -104
7787 -105
7788 -104
7789 -105
7790 -104
7791 -105
7792 -106
7793 -105
7794 -104
7795 -103
7796 -102
7797 -101
7798 -102
7799 -101
7800 -102
7801 -103
7802 -104
7803 -103
7804 -102
7805 -103
7806 -102
7807 -101
7808 -102
7809 -101
7810 -100
7811 -99
7812 -100
7813 -99
7814 -98
7815 -99
7816 -98
7817 -99
7818 -100
7819 -99
7820 -98
7821 -99
7822 -98
7823 -97
7824 -98
7825 -99
7826 -98
7827 -97
7828 -98
7829 -99
7830 -100
7831 -99
7832 -100
7833 -101
7834 -100
7835 -99
7836 -98
7837 -97
7838 -98
7839 -99
7840 -98
7841 -99
7842 -98
7843 -99
7844 -100
7845 -101
7846 -102
7847 -103
7848 -102
7849 -101
7850 -100
7851 -101
7852 -102
7853 -101
7854 -100
7855 -101
7856 -102
7857 -103
7858 -104
7859 -103
7860 -102
7861 -101
7862 -102
7863 -101
7864 -100
7865 -101
7866 -100
7867 -99
7868 -100
7869 -101
7870 -100
7871 -99
7872 -100
7873 -101
7874 -102
7875 -103
7876 -104
7877 -103
7878 -102
7879 -101
7880 -102
7881 -101
7882 -100
7883 -99
7884 -98
7885 -97
7886 -96
7887 -95
7888 -96
7889 -95
7890 -96
7891 -95
7892 -94
7893 -95
7894 -96
7895 -95
7896 -94
7897 -93
7898 -92
7899 -91
7900 -92
7901 -91
7902 -92
7903 -93
7904 -94
7905 -93
7906 -92
7907 -93
7908 -94
7909 -95
7910 -96
7911 -95
7912 -96
7913 -97
7914 -98
7915 -99
7916 -98
7917 -97
7918 -96
7919 -97
7920 -98
7921 -97
7922 -98
7923 -97
7924 -96
7925 -95
7926 -96
7927 -97
7928 -96
7929 -97
7930 -98
7931 -99
7932 -100
7933 -99
7934 -100
7935 -101
7936 -100
7937 -99
7938 -98
7939 -97
7940 -98
7941 -99
7942 -98
7943 -97
7944 -98
7945 -97
7946 -98
7947 -97
7948 -96
7949 -97
7950 -96
7951 -95
7952 -96
7953 -97
7954 -98
7955 -97
7956 -96
7957 -97
7958 -98
7959 -99
7960 -98
7961 -99
7962 -100
7963 -99
7964 -98
7965 -97
7966 -96
7967 -97
7968 -96
7969 -95
7970 -94
7971 -95
7972 -96
7973 -97
7974 -98
7975 -97
7976 -96
7977 -97
7978 -98
7979 -97
7980 -98
7981 -97
7982 -96
7983 -95
7984 -94
7985 -93
7986 -94
7987 -93
7988 -92
7989 -93
7990 -92
7991 -93
7992 -92
7993 -91
7994 -92
7995 -91
7996 -90
7997 -89
7998 -90
7999 -91
8000 -90
8001 -89
8002 -88
8003 -87
8004 -86
8005 -87
8006 -88
8007 -87
8008 -86
8009 -87
8010 -88
8011 -89
8012 -88
8013 -89
8014 -90
8015 -89
8016 -90
8017 -91
8018 -90
8019 -89
8020 -90
8021 -91
8022 -92
8023 -93
8024 -92
8025 -93
8026 -92
8027 -91
8028 -92
8029 -93
8030 -92
8031 -91
8032 -90
8033 -89
8034 -88
8035 -87
8036 -86
8037 -85
8038 -84
8039 -85
8040 -86
8041 -85
8042 -84
8043 -83
8044 -82
8045 -81
8046 -82
8047 -83
8048 -84
8049 -85
8050 -86
8051 -85
8052 -86
8053 -87
8054 -88
8055 -87
8056 -86
8057 -85
8058 -84
8059 -83
8060 -82
8061 -83
8062 -82
8063 -83
8064 -82
8065 -81
8066 -80
8067 -79
8068 -80
8069 -81
8070 -80
8071 -79
8072 -80
8073 -81
8074 -80
8075 -79
8076 -80
8077 -81
8078 -80
8079 -79
8080 -80
8081 -81
8082 -82
8083 -83
8084 -84
8085 -83
8086 -84
8087 -83
8088 -84
8089 -83
8090 -82
8091 -83
8092 -82
8093 -83
8094 -84
8095 -85
8096 -84
8097 -83
8098 -84
8099 -85
8100 -86
8101 -85
8102 -84
8103 -83
8104 -84
8105 -85
8106 -84
8107 -85
8108 -86
8109 -87
8110 -88
8111 -87
8112 -88
8113 -89
8114 -90
8115 -89
8116 -88
8117 -87
8118 -86
8119 -85
8120 -86
8121 -87
8122 -88
8123 -87
8124 -86
8125 -87
8126 -86
8127 -87
8128 -88
8129 -87
8130 -88
8131 -87
8132 -88
8133 -89
8134 -88
8135 -89
8136 -90
8137 -91
8138 -92
8139 -91
8140 -92
8141 -91
8142 -90
8143 -91
8144 -90
8145 -91
8146 -92
8147 -91
8148 -92
8149 -91
8150 -92
8151 -93
8152 -92
8153 -93
8154 -94
8155 -93
8156 -92
8157 -93
8158 -92
8159 -91
8160 -90
8161 -89
8162 -88
8163 -87
8164 -88
8165 -89
8166 -88
8167 -87
8168 -86
8169 -85
8170 -86
8171 -85
8172 -84
8173 -83
8174 -84
8175 -85
8176 -84
8177 -83
8178 -84
8179 -85
8180 -84
8181 -83
8182 -84
8183 -85
8184 -86
8185 -87
8186 -88
8187 -89
8188 -88
8189 -87
8190 -86
8191 -87
8192 -86
8193 -85
8194 -86
8195 -85
8196 -86
8197 -87
8198 -88
8199 -89
8200 -90
8201 -91
8202 -90
8203 -91
8204 -90
8205 -91
8206 -92
8207 -91
8208 -92
8209 -91
8210 -90
8211 -91
8212 -92
8213 -93
8214 -94
8215 -95
8216 -94
8217 -93
8218 -94
8219 -95
8220 -94
8221 -95
8222 -96
8223 -97
8224 -98
8225 -99
8226 -100
8227 -99
8228 -98
8229 -97
8230 -98
8231 -99
8232 -98
8233 -99
8234 -100
8235 -99
8236 -98
8237 -97
8238 -98
8239 -97
8240 -96
8241 -95
8242 -94
8243 -95
8244 -96
8245 -95
8246 -94
8247 -95
8248 -94
8249 -93
8250 -94
8251 -95
8252 -96
8253 -95
8254 -96
8255 -97
8256 -98
8257 -99
8258 -100
8259 -99
8260 -98
8261 -97
8262 -96
8263 -95
8264 -94
8265 -95
8266 -96
8267 -97
8268 -98
8269 -97
8270 -96
8271 -95
8272 -96
8273 -95
8274 -96
8275 -97
8276 -98
8277 -99
8278 -100
8279 -99
8280 -100
8281 -101
8282 -102
8283 -103
8284 -104
8285 -103
8286 -104
8287 -105
8288 -106
8289 -105
8290 -104
8291 -103
8292 -102
8293 -101
8294 -100
8295 -99
8296 -98
8297 -97
8298 -98
8299 -99
8300 -100
8301 -101
8302 -102
8303 -101
8304 -102
8305 -101
8306 -102
8307 -103
8308 -102
8309 -103
8310 -104
8311 -105
8312 -104
8313 -105
8314 -106
8315 -105
8316 -104
8317 -105
8318 -104
8319 -105
8320 -106
8321 -105
8322 -106
8323 -105
8324 -104
8325 -105
8326 -106
8327 -105
8328 -106
8329 -105
8330 -104
8331 -103
8332 -104
8333 -105
8334 -106
8335 -107
8336 -108
8337 -107
8338 -106
8339 -105
8340 -106
8341 -105
8342 -104
8343 -105
8344 -104
8345 -105
8346 -106
8347 -105
8348 -104
8349 -103
8350 -104
8351 -103
8352 -102
8353 -103
8354 -104
8355 -105
8356 -104
8357 -103
8358 -104
8359 -105
8360 -106
8361 -105
8362 -106
8363 -105
8364 -104
8365 -105
8366 -106
8367 -107
8368 -108
8369 -107
8370 -108
8371 -109
8372 -110
8373 -109
8374 -110
8375 -111
8376 -110
8377 -109
8378 -110
8379 -109
8380 -108
8381 -107
8382 -106
8383 -107
8384 -108
8385 -109
8386 -110
8387 -111
8388 -112
8389 -113
8390 -112
8391 -111
8392 -110
8393 -111
8394 -112
8395 -111
8396 -110
8397 -111
8398 -112
8399 -111
8400 -112
8401 -111
8402 -110
8403 -109
8404 -110
8405 -111
8406 -110
8407 -111
8408 -112
8409 -113
8410 -112
8411 -113
8412 -112
8413 -113
8414 -114
8415 -113
8416 -112
8417 -111
8418 -112
8419 -113
8420 -114
8421 -115
8422 -114
8423 -113
8424 -112
8425 -113
8426 -112
8427 -111
8428 -112
8429 -113
8430 -114
8431 -115
8432 -114
8433 -113
8434 -112
8435 -111
8436 -110
8437 -109
8438 -110
8439 -109
8440 -110
8441 -109
8442 -110
8443 -109
8444 -110
8445 -109
8446 -110
8447 -109
8448 -108
8449 -107
8450 -106
8451 -105
8452 -104
8453 -103
8454 -102
8455 -101
8456 -102
8457 -101
8458 -102
8459 -101
8460 -102
8461 -103
8462 -102
8463 -103
8464 -102
8465 -101
8466 -100
8467 -99
8468 -98
8469 -99
8470 -98
8471 -99
8472 -100
8473 -99
8474 -100
8475 -99
8476 -100
8477 -99
8478 -98
8479 -97
8480 -96
8481 -95
8482 -96
8483 -97
8484 -98
8485 -97
8486 -96
8487 -95
8488 -94
8489 -93
8490 -94
8491 -93
8492 -92
8493 -93
8494 -94
8495 -93
8496 -92
8497 -93
8498 -94
8499 -93
8500 -92
8501 -93
8502 -92
8503 -91
8504 -92
8505 -93
8506 -94
8507 -93
8508 -92
8509 -93
8510 -92
8511 -91
8512 -90
8513 -91
8514 -90
8515 -89
8516 -90
8517 -91
8518 -92
8519 -93
8520 -92
8521 -93
8522 -92
8523 -91
8524 -90
8525 -91
8526 -90
8527 -89
8528 -90
8529 -91
8530 -92
8531 -91
8532 -90
8533 -91
8534 -92
8535 -93
8536 -92
8537 -91
8538 -90
8539 -91
8540 -90
8541 -89
8542 -90
8543 -91
8544 -90
8545 -89
8546 -88
8547 -87
8548 -86
8549 -87
8550 -88
8551 -89
8552 -88
8553 -89
8554 -88
8555 -87
8556 -88
8557 -89
8558 -88
8559 -89
8560 -90
8561 -89
8562 -90
8563 -91
8564 -92
8565 -91
8566 -92
8567 -91
8568 -90
8569 -89
8570 -88
8571 -89
8572 -88
8573 -87
8574 -86
8575 -85
8576 -86
8577 -87
8578 -88
8579 -87
8580 -88
8581 -87
8582 -86
8583 -87
8584 -88
8585 -89
8586 -88
8587 -89
8588 -88
8589 -89
8590 -90
8591 -91
8592 -92
8593 -93
8594 -94
8595 -95
8596 -94
8597 -93
8598 -94
8599 -93
8600 -94
8601 -95
8602 -94
8603 -95
8604 -96
8605 -95
8606 -96
8607 -95
8608 -94
8609 -93
8610 -94
8611 -93
8612 -92
8613 -91
8614 -92
8615 -91
8616 -90
8617 -89
8618 -88
8619 -89
8620 -90
8621 -91
8622 -92
8623 -93
8624 -92
8625 -91
8626 -92
8627 -91
8628 -92
8629 -91
8630 -92
8631 -91
8632 -90
8633 -91
8634 -92
8635 -93
8636 -92
8637 -91
8638 -92
8639 -91
8640 -92
8641 -93
8642 -94
8643 -93
8644 -92
8645 -93
8646 -94
8647 -95
8648 -94
8649 -95
8650 -96
8651 -95
8652 -96
8653 -95
8654 -94
8655 -95
8656 -94
8657 -93
8658 -92
8659 -91
8660 -90
8661 -91
8662 -92
8663 -93
8664 -92
8665 -91
8666 -92
8667 -93
8668 -94
8669 -95
8670 -94
8671 -95
8672 -94
8673 -95
8674 -96
8675 -95
8676 -94
8677 -95
8678 -96
8679 -95
8680 -94
8681 -95
8682 -96
8683 -97
8684 -98
8685 -97
8686 -96
8687 -97
8688 -96
8689 -95
8690 -94
8691 -95
8692 -96
8693 -95
8694 -96
8695 -95
8696 -96
8697 -97
8698 -96
8699 -97
8700 -96
8701 -95
8702 -94
8703 -95
8704 -94
8705 -93
8706 -94
8707 -93
8708 -92
8709 -93
8710 -92
8711 -91
8712 -92
8713 -91
8714 -92
8715 -93
8716 -92
8717 -93
8718 -94
8719 -95
8720 -96
8721 -97
8722 -98
8723 -97
8724 -98
8725 -99
8726 -98
8727 -97
8728 -96
8729 -95
8730 -96
8731 -95
8732 -94
8733 -93
8734 -92
8735 -93
8736 -92
8737 -91
8738 -90
8739 -91
8740 -90
8741 -91
8742 -92
8743 -93
8744 -92
8745 -93
8746 -94
8747 -93
8748 -94
8749 -93
8750 -92
8751 -93
8752 -92
8753 -91
8754 -90
8755 -91
8756 -92
8757 -91
8758 -90
8759 -89
8760 -88
8761 -87
8762 -86
8763 -85
8764 -84
8765 -85
8766 -86
8767 -85
8768 -86
8769 -87
8770 -86
8771 -87
8772 -88
8773 -89
8774 -90
8775 -89
8776 -90
8777 -89
8778 -88
8779 -89
8780 -90
8781 -89
8782 -90
8783 -89
8784 -88
8785 -89
8786 -90
8787 -91
8788 -92
8789 -93
8790 -92
8791 -91
8792 -90
8793 -91
8794 -92
8795 -93
8796 -94
8797 -95
8798 -94
8799 -95
8800 -94
8801 -93
8802 -92
8803 -91
8804 -92
8805 -91
8806 -92
8807 -91
8808 -92
8809 -91
8810 -90
8811 -89
8812 -90
8813 -89
8814 -90
8815 -91
8816 -90
8817 -91
8818 -92
8819 -93
8820 -94
8821 -93
8822 -92
8823 -91
8824 -92
8825 -91
8826 -92
8827 -93
8828 -92
8829 -91
8830 -92
8831 -91
8832 -90
8833 -91
8834 -92
8835 -91
8836 -90
8837 -89
8838 -88
8839 -89
8840 -88
8841 -87
8842 -88
8843 -89
8844 -90
8845 -91
8846 -92
8847 -91
8848 -90
8849 -89
8850 -90
8851 -91
8852 -90
8853 -89
8854 -90
8855 -89
8856 -88
8857 -87
8858 -86
8859 -85
8860 -84
8861 -83
8862 -84
8863 -85
8864 -84
8865 -85
8866 -84
8867 -83
8868 -84
8869 -83
8870 -82
8871 -83
8872 -82
8873 -81
8874 -82
8875 -83
8876 -82
8877 -83
8878 -84
8879 -83
8880 -82
8881 -81
8882 -82
8883 -81
8884 -80
8885 -81
8886 -80
8887 -79
8888 -80
8889 -79
8890 -78
8891 -79
8892 -80
8893 -81
8894 -82
8895 -83
8896 -82
8897 -81
8898 -80
8899 -81
8900 -82
8901 -83
8902 -84
8903 -85
8904 -84
8905 -85
8906 -86
8907 -85
8908 -86
8909 -85
8910 -86
8911 -85
8912 -84
8913 -83
8914 -82
8915 -83
8916 -82
8917 -83
8918 -84
8919 -83
8920 -84
8921 -85
8922 -84
8923 -83
8924 -82
8925 -83
8926 -84
8927 -83
8928 -82
8929 -81
8930 -82
8931 -83
8932 -82
8933 -81
8934 -82
8935 -81
8936 -80
8937 -79
8938 -80
8939 -79
8940 -80
8941 -81
8942 -82
8943 -81
8944 -80
8945 -81
8946 -82
8947 -83
8948 -84
8949 -85
8950 -84
8951 -85
8952 -84
8953 -85
8954 -86
8955 -85
8956 -84
8957 -83
8958 -84
8959 -85
8960 -84
8961 -85
8962 -84
8963 -83
8964 -84
8965 -85
8966 -84
8967 -83
8968 -84
8969 -85
8970 -84
8971 -83
8972 -84
8973 -85
8974 -84
8975 -83
8976 -82
8977 -83
8978 -82
8979 -81
8980 -80
8981 -81
8982 -82
8983 -83
8984 -84
8985 -83
8986 -82
8987 -83
8988 -82
8989 -81
8990 -80
8991 -79
8992 -78
8993 -79
8994 -78
8995 -77
8996 -78
8997 -79
8998 -80
8999 -81
9000 -82
9001 -83
9002 -84
9003 -85
9004 -86
9005 -85
9006 -86
9007 -87
9008 -86
9009 -85
9010 -86
9011 -85
9012 -86
9013 -87
9014 -86
9015 -85
9016 -84
9017 -85
9018 -84
9019 -83
9020 -84
9021 -85
9022 -84
9023 -85
9024 -84
9025 -85
9026 -86
9027 -87
9028 -86
9029 -87
9030 -86
9031 -85
9032 -86
9033 -87
9034 -88
9035 -87
9036 -88
9037 -89
9038 -90
9039 -89
9040 -90
9041 -91
9042 -92
9043 -93
9044 -94
9045 -93
9046 -92
9047 -91
9048 -90
9049 -89
9050 -90
9051 -91
9052 -90
9053 -89
9054 -90
9055 -91
9056 -90
9057 -89
9058 -90
9059 -91
9060 -90
9061 -91
9062 -92
9063 -93
9064 -94
9065 -93
9066 -94
9067 -93
9068 -92
9069 -93
9070 -94
9071 -93
9072 -94
9073 -93
9074 -92
9075 -91
9076 -90
9077 -89
9078 -88
9079 -87
9080 -88
9081 -87
9082 -86
9083 -87
9084 -88
9085 -87
9086 -86
9087 -85
9088 -86
9089 -85
9090 -86
9091 -85
9092 -84
9093 -85
9094 -84
9095 -85
9096 -84
9097 -83
9098 -84
9099 -85
9100 -84
9101 -83
9102 -82
9103 -81
9104 -82
9105 -81
9106 -80
9107 -81
9108 -80
9109 -79
9110 -78
9111 -77
9112 -78
9113 -77
9114 -76
9115 -77
9116 -76
9117 -77
9118 -78
9119 -77
9120 -76
9121 -77
9122 -78
9123 -77
9124 -76
9125 -75
9126 -74
9127 -75
9128 -74
9129 -73
9130 -74
9131 -73
9132 -72
9133 -71
9134 -72
9135 -71
9136 -72
9137 -73
9138 -74
9139 -75
9140 -74
9141 -73
9142 -72
9143 -73
9144 -74
9145 -73
9146 -72
9147 -71
9148 -72
9149 -71
9150 -72
9151 -73
9152 -72
9153 -71
9154 -72
9155 -73
9156 -72
9157 -71
9158 -70
9159 -71
9160 -70
9161 -69
9162 -70
9163 -69
9164 -68
9165 -67
9166 -68
9167 -69
9168 -68
9169 -67
9170 -66
9171 -67
9172 -66
9173 -65
9174 -66
9175 -65
9176 -66
9177 -65
9178 -66
9179 -65
9180 -66
9181 -67
9182 -68
9183 -67
9184 -68
9185 -67
9186 -66
9187 -67
9188 -66
9189 -67
9190 -68
9191 -67
9192 -68
9193 -67
9194 -66
9195 -65
9196 -66
9197 -67
9198 -66
9199 -65
9200 -64
9201 -63
9202 -64
9203 -63
9204 -64
9205 -63
9206 -62
9207 -61
9208 -62
9209 -63
9210 -64
9211 -63
9212 -64
9213 -63
9214 -64
9215 -65
9216 -66
9217 -65
9218 -66
9219 -67
9220 -66
9221 -67
9222 -66
9223 -65
9224 -66
9225 -67
9226 -68
9227 -67
9228 -68
9229 -67
9230 -66
9231 -65
9232 -64
9233 -63
9234 -62
9235 -61
9236 -62
9237 -63
9238 -62
9239 -61
9240 -60
9241 -61
9242 -62
9243 -63
9244 -64
9245 -65
9246 -64
9247 -63
9248 -62
9249 -63
9250 -64
9251 -63
9252 -64
9253 -63
9254 -64
9255 -63
9256 -64
9257 -63
9258 -62
9259 -61
9260 -62
9261 -61
9262 -60
9263 -59
9264 -58
9265 -59
9266 -58
9267 -57
9268 -58
9269 -57
9270 -56
9271 -57
9272 -56
9273 -55
9274 -56
9275 -55
9276 -56
9277 -57
9278 -58
9279 -57
9280 -56
9281 -55
9282 -56
9283 -55
9284 -54
9285 -55
9286 -54
9287 -53
9288 -52
9289 -51
9290 -52
9291 -51
9292 -50
9293 -49
9294 -48
9295 -49
9296 -50
9297 -49
9298 -50
9299 -49
9300 -48
9301 -47
9302 -46
9303 -47
9304 -46
9305 -45
9306 -44
9307 -43
9308 -44
9309 -43
9310 -42
9311 -43
9312 -42
9313 -43
9314 -42
9315 -43
9316 -44
9317 -45
9318 -44
9319 -43
9320 -42
9321 -43
9322 -42
9323 -41
9324 -40
9325 -39
9326 -38
9327 -39
9328 -38
9329 -39
9330 -40
9331 -39
9332 -40
9333 -39
9334 -38
9335 -37
9336 -36
9337 -37
9338 -36
9339 -37
9340 -38
9341 -39
9342 -38
9343 -37
9344 -36
9345 -37
9346 -36
9347 -37
9348 -38
9349 -39
9350 -40
9351 -39
9352 -38
9353 -39
9354 -38
9355 -37
9356 -36
9357 -35
9358 -36
9359 -37
9360 -36
9361 -35
9362 -36
9363 -35
9364 -34
9365 -35
9366 -34
9367 -33
9368 -34
9369 -33
9370 -32
9371 -33
9372 -32
9373 -31
9374 -32
9375 -33
9376 -34
9377 -35
9378 -34
9379 -35
9380 -34
9381 -35
9382 -36
9383 -37
9384 -38
9385 -37
9386 -36
9387 -35
9388 -36
9389 -37
9390 -38
9391 -37
9392 -36
9393 -35
9394 -34
9395 -33
9396 -32
9397 -33
9398 -32
9399 -31
9400 -32
9401 -33
9402 -32
9403 -33
9404 -32
9405 -31
9406 -30
9407 -31
9408 -32
9409 -31
9410 -30
9411 -31
9412 -30
9413 -29
9414 -30
9415 -29
9416 -28
9417 -27
9418 -26
9419 -25
9420 -26
9421 -25
9422 -24
9423 -25
9424 -26
9425 -25
9426 -24
9427 -25
9428 -24
9429 -25
9430 -24
9431 -25
9432 -24
9433 -23
9434 -22
9435 -21
9436 -20
9437 -21
9438 -20
9439 -19
9440 -20
9441 -21
9442 -20
9443 -19
9444 -18
9445 -17
9446 -18
9447 -19
9448 -20
9449 -19
9450 -18
9451 -19
9452 -18
9453 -19
9454 -18
9455 -19
9456 -20
9457 -21
9458 -20
9459 -19
9460 -18
9461 -19
9462 -18
9463 -17
9464 -16
9465 -17
9466 -18
9467 -19
9468 -20
9469 -21
9470 -22
9471 -21
9472 -22
9473 -23
9474 -24
9475 -25
9476 -26
9477 -27
9478 -26
9479 -25
9480 -24
9481 -25
9482 -24
9483 -23
9484 -22
9485 -21
9486 -22
9487 -23
9488 -24
9489 -25
9490 -26
9491 -27
9492 -28
9493 -29
9494 -28
9495 -29
9496 -30
9497 -31
9498 -32
9499 -31
9500 -32
9501 -33
9502 -34
9503 -33
9504 -34
9505 -35
9506 -36
9507 -37
9508 -36
9509 -35
9510 -34
9511 -33
9512 -32
9513 -31
9514 -32
9515 -31
9516 -30
9517 -31
9518 -32
9519 -31
9520 -30
9521 -31
9522 -30
9523 -31
9524 -32
9525 -33
9526 -34
9527 -33
9528 -32
9529 -31
9530 -30
9531 -31
9532 -30
9533 -29
9534 -28
9535 -29
9536 -30
9537 -29
9538 -28
9539 -27
9540 -26
9541 -27
9542 -26
9543 -27
9544 -26
9545 -27
9546 -26
9547 -27
9548 -26
9549 -25
9550 -26
9551 -25
9552 -26
9553 -27
9554 -26
9555 -27
9556 -28
9557 -27
9558 -28
9559 -27
9560 -26
9561 -25
9562 -26
9563 -27
9564 -26
9565 -25
9566 -26
9567 -27
9568 -28
9569 -27
9570 -28
9571 -27
9572 -26
9573 -25
9574 -24
9575 -25
9576 -26
9577 -25
9578 -24
9579 -23
9580 -24
9581 -23
9582 -24
9583 -23
9584 -22
9585 -23
9586 -22
9587 -21
9588 -22
9589 -23
9590 -22
9591 -23
9592 -22
9593 -23
9594 -22
9595 -21
9596 -20
9597 -19
9598 -20
9599 -21
9600 -22
9601 -21
9602 -22
9603 -23
9604 -22
9605 -21
9606 -22
9607 -21
9608 -22
9609 -21
9610 -20
9611 -21
9612 -22
9613 -23
9614 -22
9615 -21
9616 -20
9617 -19
9618 -20
9619 -21
9620 -20
9621 -19
9622 -20
9623 -19
9624 -20
9625 -19
9626 -18
9627 -19
9628 -20
9629 -19
9630 -20
9631 -19
9632 -20
9633 -19
9634 -18
9635 -19
9636 -20
9637 -19
9638 -20
9639 -21
9640 -20
9641 -19
9642 -18
9643 -19
9644 -18
9645 -19
9646 -20
9647 -21
9648 -20
9649 -19
9650 -18
9651 -17
9652 -18
9653 -19
9654 -20
9655 -21
9656 -22
9657 -21
9658 -22
9659 -21
9660 -22
9661 -21
9662 -22
9663 -23
9664 -22
9665 -21
9666 -22
9667 -21
9668 -22
9669 -23
9670 -22
9671 -23
9672 -22
9673 -23
9674 -22
9675 -21
9676 -20
9677 -19
9678 -20
9679 -21
9680 -20
9681 -21
9682 -22
9683 -23
9684 -22
9685 -21
9686 -22
9687 -21
9688 -20
9689 -19
9690 -18
9691 -17
9692 -16
9693 -15
9694 -14
9695 -15
9696 -14
9697 -15
9698 -14
9699 -13
9700 -12
9701 -11
9702 -12
9703 -11
9704 -10
9705 -11
9706 -12
9707 -13
9708 -14
9709 -13
9710 -12
9711 -11
9712 -12
9713 -13
9714 -14
9715 -15
9716 -14
9717 -13
9718 -12
9719 -13
9720 -12
9721 -13
9722 -14
9723 -15
9724 -14
9725 -13
9726 -14
9727 -15
9728 -16
9729 -17
9730 -18
9731 -19
9732 -20
9733 -21
9734 -20
9735 -21
9736 -22
9737 -23
9738 -24
9739 -25
9740 -24
9741 -23
9742 -22
9743 -21
9744 -20
9745 -19
9746 -18
9747 -17
9748 -16
9749 -15
9750 -16
9751 -15
9752 -14
9753 -15
9754 -14
9755 -13
9756 -12
9757 -11
9758 -10
9759 -9
9760 -10
9761 -11
9762 -12
9763 -13
9764 -14
9765 -15
9766 -16
9767 -17
9768 -16
9769 -17
9770 -18
9771 -17
9772 -18
9773 -19
9774 -18
9775 -19
9776 -18
9777 -17
9778 -16
9779 -17
9780 -18
9781 -19
9782 -20
9783 -21
9784 -22
9785 -21
9786 -20
9787 -19
9788 -18
9789 -17
9790 -16
9791 -17
9792 -16
9793 -17
9794 -16
9795 -15
9796 -14
9797 -13
9798 -14
9799 -13
9800 -12
9801 -13
9802 -14
9803 -13
9804 -14
9805 -15
9806 -16
9807 -15
9808 -16
9809 -15
9810 -14
9811 -15
9812 -14
9813 -13
9814 -14
9815 -15
9816 -16
9817 -17
9818 -16
9819 -15
9820 -14
9821 -15
9822 -16
9823 -15
9824 -14
9825 -13
9826 -14
9827 -13
9828 -12
9829 -11
9830 -10
9831 -11
9832 -12
9833 -11
9834 -12
9835 -11
9836 -12
9837 -13
9838 -14
9839 -15
9840 -14
9841 -15
9842 -14
9843 -13
9844 -12
9845 -11
9846 -12
9847 -13
9848 -12
9849 -13
9850 -12
9851 -11
9852 -10
9853 -9
9854 -8
9855 -9
9856 -8
9857 -9
9858 -8
9859 -7
9860 -6
9861 -7
9862 -6
9863 -5
9864 -6
9865 -5
9866 -6
9867 -5
9868 -4
9869 -5
9870 -6
9871 -5
9872 -6
9873 -7
9874 -8
9875 -7
9876 -6
9877 -7
9878 -6
9879 -5
9880 -6
9881 -7
9882 -6
9883 -5
9884 -6
9885 -7
9886 -6
9887 -5
9888 -4
9889 -3
9890 -2
9891 -1
9892 -2
9893 -1
9894 0
9895 -1
9896 0
9897 -1
9898 -2
9899 -1
9900 -2
9901 -3
9902 -4
9903 -5
9904 -4
9905 -5
9906 -6
9907 -7
9908 -8
9909 -7
9910 -6
9911 -5
9912 -4
9913 -5
9914 -4
9915 -3
9916 -4
9917 -3
9918 -4
9919 -5
9920 -4
9921 -5
9922 -4
9923 -5
9924 -4
9925 -5
9926 -6
9927 -5
9928 -4
9929 -3
9930 -4
9931 -5
9932 -4
9933 -3
9934 -2
9935 -3
9936 -4
9937 -5
9938 -4
9939 -3
9940 -4
9941 -3
9942 -2
9943 -3
9944 -2
9945 -1
9946 0
9947 1
9948 0
9949 -1
9950 -2
9951 -1
9952 0
9953 1
9954 0
9955 -1
9956 -2
9957 -3
9958 -2
9959 -3
9960 -2
9961 -1
9962 -2
9963 -3
9964 -2
9965 -1
9966 -2
9967 -1
9968 0
9969 1
9970 0
9971 -1
9972 0
9973 1
9974 0
9975 1
9976 0
9977 1
9978 2
9979 1
9980 2
9981 3
9982 4
9983 5
9984 4
9985 3
9986 2
9987 1
9988 2
9989 3
9990 4
9991 3
9992 2
9993 1
9994 2
9995 1
9996 0
9997 -1
9998 -2
9999 -1
10000 0
