1 0
2 0
3 0
4 0
5 0
6 0
7 0
8 0
9 0
10 0
11 0
12 0
13 -1
14 -1
15 -1
16 -1
17 -1
18 -1
19 -1
20 -1
21 -1
22 -2
23 -3
24 -4
25 -5
26 -6
27 -7
28 -8
29 -9
30 -10
31 -10
32 -10
33 -10
34 -10
35 -10
36 -10
37 -10
38 -10
39 -11
40 -11
41 -11
42 -11
43 -11
44 -11
45 -11
46 -12
47 -13
48 -14
49 -15
50 -15
51 -15
52 -16
53 -17
54 -17
55 -17
56 -17
57 -17
58 -17
59 -17
60 -17
61 -17
62 -17
63 -17
64 -17
65 -17
66 -17
67 -17
68 -17
69 -17
70 -17
71 -17
72 -17
73 -17
74 -17
75 -17
76 -17
77 -17
78 -17
79 -17
80 -17
81 -17
82 -17
83 -17
84 -17
85 -17
86 -17
87 -17
88 -17
89 -17
90 -17
91 -17
92 -17
93 -17
94 -17
95 -17
96 -17
97 -17
98 -17
99 -17
100 -17
101 -17
102 -17
103 -17
104 -17
105 -17
106 -17
107 -17
108 -18
109 -19
110 -20
111 -20
112 -20
113 -20
114 -20
115 -20
116 -20
117 -20
118 -20
119 -20
120 -20
121 -20
122 -20
123 -20
124 -20
125 -20
126 -20
127 -20
128 -20
129 -20
130 -20
131 -20
132 -20
133 -20
134 -20
135 -21
136 -22
137 -22
138 -22
139 -23
140 -24
141 -24
142 -24
143 -24
144 -24
145 -25
146 -26
147 -26
148 -26
149 -26
150 -26
151 -27
152 -28
153 -28
154 -28
155 -28
156 -28
157 -28
158 -28
159 -28
160 -28
161 -28
162 -28
163 -29
164 -30
165 -30
166 -30
167 -30
168 -30
169 -30
170 -30
171 -30
172 -30
173 -30
174 -30
175 -30
176 -30
177 -30
178 -30
179 -30
180 -30
181 -30
182 -30
183 -30
184 -30
185 -30
186 -30
187 -30
188 -30
189 -30
190 -30
191 -30
192 -30
193 -30
194 -30
195 -30
196 -30
197 -30
198 -30
199 -30
200 -30
201 -30
202 -30
203 -30
204 -30
205 -30
206 -30
207 -30
208 -30
209 -30
210 -30
211 -30
212 -30
213 -30
214 -30
215 -30
216 -30
217 -30
218 -30
219 -30
220 -30
221 -30
222 -30
223 -30
224 -30
225 -30
226 -30
227 -30
228 -30
229 -30
230 -30
231 -30
232 -30
233 -30
234 -30
235 -30
236 -30
237 -30
238 -30
239 -30
240 -30
241 -30
242 -30
243 -30
244 -30
245 -30
246 -30
247 -30
248 -30
249 -30
250 -30
251 -30
252 -30
253 -30
254 -30
255 -30
256 -30
257 -30
258 -30
259 -30
260 -30
261 -30
262 -30
263 -30
264 -30
265 -30
266 -30
267 -30
268 -30
269 -30
270 -30
271 -30
272 -30
273 -30
274 -30
275 -30
276 -30
277 -30
278 -30
279 -30
280 -30
281 -30
282 -30
283 -30
284 -30
285 -30
286 -30
287 -30
288 -30
289 -30
290 -30
291 -30
292 -30
293 -30
294 -30
295 -30
296 -30
297 -30
298 -30
299 -30
300 -30
301 -30
302 -30
303 -30
304 -30
305 -30
306 -30
307 -30
308 -30
309 -30
310 -30
311 -30
312 -30
313 -30
314 -30
315 -30
316 -30
317 -30
318 -30
319 -30
320 -30
321 -30
322 -30
323 -30
324 -30
325 -30
326 -30
327 -30
328 -30
329 -30
330 -30
331 -30
332 -30
333 -30
334 -30
335 -30
336 -30
337 -30
338 -30
339 -30
340 -30
341 -30
342 -30
343 -30
344 -30
345 -30
346 -30
347 -30
348 -30
349 -30
350 -30
351 -30
352 -30
353 -30
354 -30
355 -30
356 -30
357 -30
358 -30
359 -30
360 -30
361 -30
362 -30
363 -30
364 -30
365 -30
366 -30
367 -30
368 -30
369 -30
370 -30
371 -30
372 -30
373 -30
374 -30
375 -30
376 -30
377 -30
378 -30
379 -30
380 -30
381 -30
382 -30
383 -30
384 -30
385 -30
386 -30
387 -30
388 -30
389 -30
390 -30
391 -31
392 -32
393 -33
394 -34
395 -34
396 -34
397 -34
398 -34
399 -34
400 -34
401 -34
402 -34
403 -34
404 -34
405 -34
406 -34
407 -34
408 -34
409 -34
410 -34
411 -34
412 -34
413 -34
414 -34
415 -34
416 -34
417 -34
418 -34
419 -34
420 -34
421 -34
422 -34
423 -34
424 -34
425 -34
426 -34
427 -34
428 -34
429 -34
430 -34
431 -34
432 -34
433 -34
434 -34
435 -34
436 -34
437 -34
438 -34
439 -34
440 -34
441 -34
442 -34
443 -34
444 -34
445 -34
446 -34
447 -34
448 -34
449 -34
450 -34
451 -34
452 -34
453 -34
454 -34
455 -34
456 -34
457 -34
458 -34
459 -34
460 -34
461 -34
462 -34
463 -34
464 -34
465 -34
466 -34
467 -34
468 -34
469 -34
470 -34
471 -34
472 -34
473 -34
474 -34
475 -34
476 -34
477 -34
478 -34
479 -34
480 -34
481 -34
482 -34
483 -34
484 -34
485 -34
486 -34
487 -34
488 -34
489 -34
490 -34
491 -34
492 -34
493 -34
494 -34
495 -34
496 -34
497 -34
498 -34
499 -34
500 -34
501 -34
502 -34
503 -34
504 -34
505 -34
506 -34
507 -34
508 -34
509 -34
510 -34
511 -34
512 -34
513 -34
514 -34
515 -34
516 -34
517 -34
518 -34
519 -34
520 -34
521 -34
522 -34
523 -34
524 -34
525 -34
526 -34
527 -34
528 -34
529 -34
530 -34
531 -34
532 -34
533 -34
534 -34
535 -34
536 -34
537 -34
538 -34
539 -34
540 -34
541 -34
542 -34
543 -34
544 -34
545 -34
546 -34
547 -34
548 -34
549 -34
550 -34
551 -34
552 -34
553 -34
554 -34
555 -34
556 -34
557 -34
558 -34
559 -34
560 -34
561 -34
562 -34
563 -34
564 -34
565 -34
566 -34
567 -34
568 -34
569 -34
570 -34
571 -34
572 -34
573 -34
574 -34
575 -34
576 -34
577 -34
578 -34
579 -34
580 -34
581 -34
582 -34
583 -34
584 -34
585 -34
586 -34
587 -34
588 -34
589 -34
590 -34
591 -34
592 -34
593 -34
594 -34
595 -34
596 -34
597 -34
598 -34
599 -34
600 -34
601 -34
602 -34
603 -34
604 -34
605 -34
606 -34
607 -34
608 -34
609 -34
610 -34
611 -34
612 -34
613 -34
614 -34
615 -34
616 -34
617 -34
618 -34
619 -34
620 -34
621 -34
622 -34
623 -34
624 -34
625 -34
626 -34
627 -34
628 -34
629 -34
630 -34
631 -34
632 -34
633 -34
634 -34
635 -34
636 -34
637 -34
638 -34
639 -34
640 -34
641 -34
642 -34
643 -34
644 -34
645 -34
646 -34
647 -34
648 -34
649 -34
650 -34
651 -34
652 -34
653 -34
654 -34
655 -34
656 -34
657 -34
658 -34
659 -34
660 -34
661 -34
662 -34
663 -34
664 -34
665 -34
666 -34
667 -34
668 -34
669 -34
670 -34
671 -34
672 -34
673 -34
674 -34
675 -34
676 -34
677 -34
678 -34
679 -34
680 -34
681 -34
682 -34
683 -34
684 -34
685 -34
686 -34
687 -34
688 -34
689 -34
690 -34
691 -34
692 -34
693 -34
694 -34
695 -34
696 -34
697 -34
698 -34
699 -34
700 -34
701 -34
702 -34
703 -34
704 -34
705 -34
706 -34
707 -34
708 -34
709 -34
710 -34
711 -34
712 -34
713 -34
714 -34
715 -34
716 -34
717 -34
718 -34
719 -34
720 -34
721 -34
722 -34
723 -34
724 -34
725 -34
726 -34
727 -34
728 -34
729 -34
730 -34
731 -34
732 -34
733 -34
734 -34
735 -34
736 -34
737 -34
738 -34
739 -34
740 -34
741 -34
742 -34
743 -34
744 -34
745 -34
746 -34
747 -34
748 -34
749 -34
750 -34
751 -34
752 -34
753 -34
754 -34
755 -34
756 -34
757 -34
758 -34
759 -34
760 -34
761 -34
762 -34
763 -34
764 -34
765 -34
766 -34
767 -34
768 -34
769 -34
770 -34
771 -34
772 -34
773 -34
774 -34
775 -34
776 -34
777 -34
778 -34
779 -34
780 -34
781 -34
782 -34
783 -35
784 -35
785 -35
786 -36
787 -37
788 -38
789 -39
790 -40
791 -40
792 -40
793 -40
794 -40
795 -40
796 -40
797 -40
798 -40
799 -40
800 -40
801 -40
802 -40
803 -40
804 -40
805 -40
806 -40
807 -40
808 -40
809 -41
810 -42
811 -42
812 -42
813 -42
814 -42
815 -43
816 -44
817 -45
818 -45
819 -45
820 -46
821 -46
822 -46
823 -46
824 -46
825 -47
826 -47
827 -47
828 -47
829 -47
830 -47
831 -47
832 -47
833 -47
834 -47
835 -47
836 -47
837 -47
838 -47
839 -47
840 -47
841 -47
842 -47
843 -47
844 -47
845 -47
846 -47
847 -47
848 -47
849 -47
850 -47
851 -47
852 -47
853 -47
854 -47
855 -47
856 -47
857 -47
858 -47
859 -47
860 -47
861 -47
862 -47
863 -47
864 -47
865 -47
866 -47
867 -47
868 -47
869 -47
870 -47
871 -47
872 -47
873 -47
874 -47
875 -47
876 -47
877 -47
878 -47
879 -47
880 -47
881 -47
882 -47
883 -47
884 -47
885 -47
886 -47
887 -47
888 -47
889 -47
890 -47
891 -47
892 -47
893 -47
894 -47
895 -47
896 -47
897 -47
898 -47
899 -47
900 -47
901 -47
902 -47
903 -47
904 -47
905 -47
906 -47
907 -47
908 -47
909 -47
910 -47
911 -47
912 -47
913 -47
914 -47
915 -47
916 -47
917 -47
918 -47
919 -47
920 -47
921 -47
922 -47
923 -47
924 -47
925 -47
926 -47
927 -47
928 -47
929 -47
930 -47
931 -47
932 -47
933 -47
934 -47
935 -47
936 -47
937 -47
938 -47
939 -47
940 -47
941 -47
942 -47
943 -47
944 -47
945 -47
946 -47
947 -47
948 -47
949 -47
950 -47
951 -47
952 -47
953 -47
954 -48
955 -48
956 -48
957 -49
958 -49
959 -49
960 -50
961 -50
962 -50
963 -51
964 -52
965 -53
966 -54
967 -54
968 -54
969 -54
970 -54
971 -54
972 -54
973 -54
974 -54
975 -54
976 -54
977 -54
978 -54
979 -54
980 -54
981 -54
982 -54
983 -54
984 -54
985 -54
986 -54
987 -54
988 -54
989 -54
990 -54
991 -54
992 -54
993 -54
994 -54
995 -54
996 -54
997 -54
998 -54
999 -54
1000 -54
1001 -54
1002 -54
1003 -54
1004 -54
1005 -54
1006 -54
1007 -54
1008 -54
1009 -54
1010 -54
1011 -54
1012 -54
1013 -54
1014 -54
1015 -54
1016 -54
1017 -54
1018 -54
1019 -54
1020 -54
1021 -54
1022 -54
1023 -54
1024 -54
1025 -54
1026 -54
1027 -54
1028 -54
1029 -54
1030 -54
1031 -54
1032 -54
1033 -55
1034 -55
1035 -55
1036 -55
1037 -55
1038 -55
1039 -55
1040 -55
1041 -55
1042 -55
1043 -55
1044 -55
1045 -55
1046 -55
1047 -55
1048 -55
1049 -55
1050 -55
1051 -55
1052 -55
1053 -55
1054 -55
1055 -55
1056 -55
1057 -55
1058 -55
1059 -55
1060 -55
1061 -55
1062 -55
1063 -55
1064 -55
1065 -55
1066 -55
1067 -55
1068 -55
1069 -55
1070 -55
1071 -55
1072 -55
1073 -55
1074 -55
1075 -55
1076 -55
1077 -55
1078 -55
1079 -55
1080 -55
1081 -55
1082 -55
1083 -55
1084 -55
1085 -55
1086 -55
1087 -55
1088 -55
1089 -55
1090 -55
1091 -55
1092 -55
1093 -55
1094 -55
1095 -55
1096 -55
1097 -55
1098 -55
1099 -55
1100 -55
1101 -55
1102 -55
1103 -55
1104 -55
1105 -55
1106 -55
1107 -55
1108 -55
1109 -55
1110 -55
1111 -55
1112 -55
1113 -55
1114 -55
1115 -55
1116 -55
1117 -55
1118 -55
1119 -55
1120 -55
1121 -55
1122 -55
1123 -55
1124 -55
1125 -55
1126 -55
1127 -55
1128 -55
1129 -55
1130 -55
1131 -55
1132 -55
1133 -55
1134 -55
1135 -55
1136 -55
1137 -55
1138 -55
1139 -55
1140 -55
1141 -55
1142 -55
1143 -55
1144 -55
1145 -55
1146 -55
1147 -55
1148 -55
1149 -55
1150 -55
1151 -55
1152 -55
1153 -55
1154 -55
1155 -55
1156 -55
1157 -55
1158 -55
1159 -55
1160 -55
1161 -55
1162 -55
1163 -55
1164 -55
1165 -55
1166 -55
1167 -55
1168 -55
1169 -55
1170 -55
1171 -55
1172 -55
1173 -55
1174 -55
1175 -55
1176 -55
1177 -55
1178 -55
1179 -55
1180 -55
1181 -55
1182 -55
1183 -55
1184 -55
1185 -55
1186 -55
1187 -55
1188 -55
1189 -55
1190 -55
1191 -55
1192 -55
1193 -55
1194 -55
1195 -55
1196 -55
1197 -55
1198 -55
1199 -55
1200 -55
1201 -55
1202 -55
1203 -55
1204 -55
1205 -55
1206 -55
1207 -55
1208 -55
1209 -55
1210 -55
1211 -55
1212 -55
1213 -55
1214 -55
1215 -55
1216 -55
1217 -55
1218 -55
1219 -55
1220 -55
1221 -55
1222 -55
1223 -55
1224 -55
1225 -55
1226 -55
1227 -55
1228 -55
1229 -55
1230 -55
1231 -55
1232 -55
1233 -55
1234 -55
1235 -55
1236 -55
1237 -55
1238 -55
1239 -55
1240 -55
1241 -55
1242 -55
1243 -55
1244 -55
1245 -55
1246 -55
1247 -55
1248 -55
1249 -55
1250 -55
1251 -55
1252 -55
1253 -55
1254 -55
1255 -55
1256 -55
1257 -55
1258 -55
1259 -55
1260 -55
1261 -55
1262 -55
1263 -55
1264 -55
1265 -55
1266 -55
1267 -55
1268 -55
1269 -55
1270 -55
1271 -55
1272 -55
1273 -55
1274 -55
1275 -55
1276 -55
1277 -55
1278 -55
1279 -55
1280 -55
1281 -55
1282 -55
1283 -55
1284 -55
1285 -55
1286 -55
1287 -55
1288 -55
1289 -55
1290 -55
1291 -55
1292 -55
1293 -55
1294 -55
1295 -55
1296 -55
1297 -55
1298 -55
1299 -55
1300 -55
1301 -55
1302 -55
1303 -55
1304 -55
1305 -55
1306 -55
1307 -55
1308 -55
1309 -55
1310 -55
1311 -55
1312 -55
1313 -55
1314 -55
1315 -55
1316 -55
1317 -55
1318 -55
1319 -55
1320 -55
1321 -55
1322 -55
1323 -55
1324 -55
1325 -55
1326 -55
1327 -55
1328 -55
1329 -55
1330 -55
1331 -55
1332 -55
1333 -55
1334 -55
1335 -55
1336 -55
1337 -55
1338 -55
1339 -55
1340 -55
1341 -55
1342 -55
1343 -55
1344 -55
1345 -55
1346 -55
1347 -55
1348 -55
1349 -55
1350 -55
1351 -55
1352 -55
1353 -55
1354 -55
1355 -55
1356 -55
1357 -55
1358 -55
1359 -55
1360 -55
1361 -55
1362 -55
1363 -55
1364 -55
1365 -55
1366 -55
1367 -55
1368 -55
1369 -55
1370 -55
1371 -55
1372 -55
1373 -55
1374 -55
1375 -55
1376 -55
1377 -55
1378 -55
1379 -55
1380 -55
1381 -55
1382 -55
1383 -55
1384 -55
1385 -55
1386 -55
1387 -55
1388 -55
1389 -55
1390 -55
1391 -55
1392 -55
1393 -55
1394 -55
1395 -55
1396 -55
1397 -55
1398 -55
1399 -55
1400 -55
1401 -55
1402 -55
1403 -55
1404 -55
1405 -55
1406 -55
1407 -55
1408 -55
1409 -55
1410 -55
1411 -55
1412 -55
1413 -55
1414 -55
1415 -55
1416 -55
1417 -55
1418 -55
1419 -55
1420 -55
1421 -55
1422 -55
1423 -55
1424 -55
1425 -55
1426 -55
1427 -55
1428 -55
1429 -55
1430 -55
1431 -55
1432 -55
1433 -55
1434 -55
1435 -55
1436 -55
1437 -55
1438 -55
1439 -55
1440 -55
1441 -55
1442 -55
1443 -55
1444 -55
1445 -55
1446 -55
1447 -55
1448 -55
1449 -55
1450 -55
1451 -55
1452 -55
1453 -55
1454 -55
1455 -55
1456 -55
1457 -55
1458 -55
1459 -55
1460 -55
1461 -55
1462 -55
1463 -55
1464 -55
1465 -55
1466 -55
1467 -55
1468 -55
1469 -55
1470 -55
1471 -55
1472 -55
1473 -55
1474 -55
1475 -55
1476 -55
1477 -55
1478 -55
1479 -55
1480 -55
1481 -55
1482 -55
1483 -55
1484 -55
1485 -55
1486 -55
1487 -55
1488 -55
1489 -55
1490 -55
1491 -55
1492 -55
1493 -55
1494 -55
1495 -55
1496 -55
1497 -55
1498 -55
1499 -55
1500 -55
1501 -55
1502 -55
1503 -55
1504 -55
1505 -55
1506 -55
1507 -55
1508 -55
1509 -55
1510 -55
1511 -55
1512 -55
1513 -55
1514 -55
1515 -55
1516 -55
1517 -55
1518 -55
1519 -55
1520 -55
1521 -55
1522 -55
1523 -55
1524 -55
1525 -55
1526 -55
1527 -55
1528 -55
1529 -55
1530 -55
1531 -55
1532 -55
1533 -55
1534 -55
1535 -55
1536 -55
1537 -55
1538 -56
1539 -57
1540 -57
1541 -57
1542 -58
1543 -59
1544 -59
1545 -59
1546 -59
1547 -59
1548 -59
1549 -59
1550 -59
1551 -59
1552 -59
1553 -59
1554 -59
1555 -59
1556 -59
1557 -59
1558 -59
1559 -59
1560 -59
1561 -59
1562 -59
1563 -59
1564 -59
1565 -59
1566 -59
1567 -59
1568 -59
1569 -59
1570 -59
1571 -59
1572 -59
1573 -59
1574 -59
1575 -59
1576 -59
1577 -59
1578 -59
1579 -59
1580 -59
1581 -59
1582 -59
1583 -59
1584 -59
1585 -59
1586 -59
1587 -59
1588 -59
1589 -59
1590 -59
1591 -59
1592 -59
1593 -59
1594 -59
1595 -59
1596 -59
1597 -59
1598 -59
1599 -59
1600 -59
1601 -59
1602 -59
1603 -59
1604 -59
1605 -59
1606 -59
1607 -59
1608 -59
1609 -59
1610 -60
1611 -60
1612 -60
1613 -60
1614 -60
1615 -60
1616 -60
1617 -60
1618 -60
1619 -60
1620 -60
1621 -60
1622 -60
1623 -61
1624 -61
1625 -61
1626 -62
1627 -63
1628 -63
1629 -63
1630 -64
1631 -64
1632 -64
1633 -64
1634 -64
1635 -64
1636 -64
1637 -64
1638 -64
1639 -64
1640 -64
1641 -64
1642 -64
1643 -64
1644 -64
1645 -64
1646 -64
1647 -64
1648 -64
1649 -64
1650 -64
1651 -64
1652 -64
1653 -64
1654 -64
1655 -64
1656 -64
1657 -64
1658 -64
1659 -64
1660 -64
1661 -64
1662 -64
1663 -64
1664 -64
1665 -64
1666 -64
1667 -64
1668 -64
1669 -64
1670 -64
1671 -65
1672 -65
1673 -65
1674 -66
1675 -66
1676 -66
1677 -66
1678 -66
1679 -66
1680 -66
1681 -66
1682 -66
1683 -67
1684 -67
1685 -67
1686 -67
1687 -67
1688 -67
1689 -67
1690 -67
1691 -67
1692 -67
1693 -67
1694 -67
1695 -67
1696 -67
1697 -67
1698 -67
1699 -67
1700 -67
1701 -67
1702 -67
1703 -67
1704 -67
1705 -67
1706 -67
1707 -67
1708 -67
1709 -67
1710 -68
1711 -68
1712 -68
1713 -68
1714 -68
1715 -68
1716 -68
1717 -68
1718 -68
1719 -68
1720 -68
1721 -68
1722 -68
1723 -68
1724 -68
1725 -68
1726 -68
1727 -68
1728 -68
1729 -68
1730 -68
1731 -68
1732 -68
1733 -68
1734 -68
1735 -68
1736 -68
1737 -68
1738 -68
1739 -68
1740 -68
1741 -68
1742 -68
1743 -68
1744 -68
1745 -68
1746 -68
1747 -68
1748 -68
1749 -68
1750 -68
1751 -68
1752 -68
1753 -68
1754 -68
1755 -68
1756 -68
1757 -68
1758 -68
1759 -68
1760 -68
1761 -68
1762 -68
1763 -68
1764 -68
1765 -68
1766 -68
1767 -68
1768 -68
1769 -68
1770 -68
1771 -68
1772 -68
1773 -68
1774 -68
1775 -68
1776 -68
1777 -68
1778 -68
1779 -68
1780 -68
1781 -68
1782 -68
1783 -68
1784 -68
1785 -68
1786 -68
1787 -68
1788 -68
1789 -68
1790 -68
1791 -68
1792 -68
1793 -68
1794 -68
1795 -68
1796 -68
1797 -68
1798 -68
1799 -68
1800 -68
1801 -68
1802 -68
1803 -68
1804 -68
1805 -68
1806 -68
1807 -68
1808 -68
1809 -68
1810 -68
1811 -68
1812 -68
1813 -68
1814 -68
1815 -68
1816 -68
1817 -68
1818 -68
1819 -68
1820 -68
1821 -68
1822 -68
1823 -68
1824 -68
1825 -68
1826 -68
1827 -68
1828 -68
1829 -68
1830 -68
1831 -68
1832 -68
1833 -68
1834 -68
1835 -68
1836 -68
1837 -68
1838 -68
1839 -68
1840 -68
1841 -68
1842 -68
1843 -68
1844 -68
1845 -68
1846 -68
1847 -68
1848 -68
1849 -68
1850 -68
1851 -68
1852 -68
1853 -68
1854 -68
1855 -68
1856 -68
1857 -68
1858 -68
1859 -68
1860 -68
1861 -68
1862 -68
1863 -68
1864 -68
1865 -68
1866 -68
1867 -68
1868 -68
1869 -68
1870 -68
1871 -68
1872 -68
1873 -68
1874 -68
1875 -68
1876 -68
1877 -68
1878 -68
1879 -68
1880 -68
1881 -68
1882 -68
1883 -68
1884 -68
1885 -68
1886 -68
1887 -68
1888 -68
1889 -68
1890 -68
1891 -68
1892 -68
1893 -68
1894 -68
1895 -68
1896 -68
1897 -68
1898 -68
1899 -68
1900 -68
1901 -68
1902 -68
1903 -68
1904 -68
1905 -68
1906 -68
1907 -68
1908 -68
1909 -68
1910 -68
1911 -68
1912 -68
1913 -68
1914 -68
1915 -68
1916 -68
1917 -68
1918 -68
1919 -68
1920 -68
1921 -68
1922 -68
1923 -68
1924 -68
1925 -68
1926 -68
1927 -68
1928 -68
1929 -68
1930 -68
1931 -68
1932 -68
1933 -68
1934 -68
1935 -68
1936 -68
1937 -68
1938 -68
1939 -68
1940 -68
1941 -68
1942 -68
1943 -68
1944 -68
1945 -68
1946 -68
1947 -68
1948 -68
1949 -68
1950 -68
1951 -68
1952 -68
1953 -68
1954 -68
1955 -68
1956 -68
1957 -68
1958 -68
1959 -68
1960 -68
1961 -68
1962 -68
1963 -68
1964 -68
1965 -68
1966 -68
1967 -68
1968 -68
1969 -68
1970 -68
1971 -68
1972 -68
1973 -68
1974 -68
1975 -68
1976 -68
1977 -68
1978 -68
1979 -68
1980 -68
1981 -68
1982 -68
1983 -68
1984 -68
1985 -68
1986 -68
1987 -68
1988 -68
1989 -68
1990 -68
1991 -68
1992 -68
1993 -68
1994 -68
1995 -68
1996 -68
1997 -68
1998 -68
1999 -68
2000 -68
2001 -68
2002 -68
2003 -68
2004 -68
2005 -68
2006 -68
2007 -68
2008 -68
2009 -68
2010 -68
2011 -68
2012 -68
2013 -68
2014 -68
2015 -68
2016 -68
2017 -68
2018 -68
2019 -68
2020 -68
2021 -68
2022 -68
2023 -68
2024 -68
2025 -68
2026 -68
2027 -68
2028 -68
2029 -68
2030 -68
2031 -68
2032 -68
2033 -68
2034 -68
2035 -68
2036 -68
2037 -68
2038 -68
2039 -68
2040 -68
2041 -68
2042 -68
2043 -68
2044 -68
2045 -68
2046 -68
2047 -68
2048 -68
2049 -68
2050 -68
2051 -68
2052 -68
2053 -68
2054 -68
2055 -68
2056 -68
2057 -68
2058 -68
2059 -68
2060 -68
2061 -68
2062 -68
2063 -68
2064 -68
2065 -68
2066 -68
2067 -68
2068 -68
2069 -68
2070 -68
2071 -68
2072 -68
2073 -68
2074 -68
2075 -68
2076 -68
2077 -68
2078 -68
2079 -68
2080 -68
2081 -68
2082 -68
2083 -68
2084 -68
2085 -68
2086 -68
2087 -68
2088 -68
2089 -68
2090 -68
2091 -68
2092 -68
2093 -68
2094 -68
2095 -68
2096 -68
2097 -68
2098 -68
2099 -68
2100 -68
2101 -68
2102 -68
2103 -68
2104 -68
2105 -68
2106 -68
2107 -68
2108 -68
2109 -68
2110 -68
2111 -68
2112 -68
2113 -68
2114 -68
2115 -68
2116 -68
2117 -68
2118 -68
2119 -68
2120 -68
2121 -68
2122 -68
2123 -68
2124 -68
2125 -68
2126 -68
2127 -68
2128 -68
2129 -68
2130 -68
2131 -68
2132 -68
2133 -68
2134 -68
2135 -68
2136 -68
2137 -68
2138 -68
2139 -68
2140 -68
2141 -68
2142 -68
2143 -68
2144 -68
2145 -68
2146 -68
2147 -68
2148 -68
2149 -68
2150 -68
2151 -68
2152 -68
2153 -68
2154 -68
2155 -68
2156 -68
2157 -68
2158 -68
2159 -68
2160 -68
2161 -69
2162 -69
2163 -69
2164 -69
2165 -69
2166 -69
2167 -69
2168 -69
2169 -69
2170 -69
2171 -69
2172 -69
2173 -69
2174 -69
2175 -69
2176 -69
2177 -69
2178 -69
2179 -69
2180 -69
2181 -69
2182 -69
2183 -69
2184 -69
2185 -69
2186 -69
2187 -69
2188 -69
2189 -69
2190 -69
2191 -69
2192 -69
2193 -69
2194 -69
2195 -69
2196 -69
2197 -69
2198 -69
2199 -69
2200 -69
2201 -69
2202 -69
2203 -69
2204 -69
2205 -69
2206 -69
2207 -69
2208 -69
2209 -69
2210 -69
2211 -69
2212 -69
2213 -69
2214 -69
2215 -69
2216 -69
2217 -69
2218 -69
2219 -69
2220 -69
2221 -69
2222 -69
2223 -69
2224 -69
2225 -69
2226 -69
2227 -69
2228 -70
2229 -70
2230 -70
2231 -70
2232 -70
2233 -70
2234 -70
2235 -70
2236 -70
2237 -70
2238 -70
2239 -70
2240 -70
2241 -70
2242 -70
2243 -70
2244 -70
2245 -70
2246 -70
2247 -70
2248 -70
2249 -70
2250 -70
2251 -70
2252 -70
2253 -70
2254 -70
2255 -70
2256 -70
2257 -70
2258 -70
2259 -70
2260 -70
2261 -70
2262 -70
2263 -70
2264 -70
2265 -70
2266 -70
2267 -70
2268 -70
2269 -70
2270 -70
2271 -70
2272 -70
2273 -70
2274 -70
2275 -70
2276 -70
2277 -70
2278 -70
2279 -70
2280 -70
2281 -70
2282 -70
2283 -70
2284 -70
2285 -70
2286 -70
2287 -70
2288 -70
2289 -70
2290 -70
2291 -70
2292 -70
2293 -70
2294 -70
2295 -70
2296 -70
2297 -70
2298 -70
2299 -70
2300 -70
2301 -70
2302 -70
2303 -70
2304 -70
2305 -70
2306 -70
2307 -70
2308 -70
2309 -70
2310 -70
2311 -70
2312 -70
2313 -70
2314 -70
2315 -70
2316 -70
2317 -71
2318 -71
2319 -71
2320 -72
2321 -73
2322 -74
2323 -74
2324 -74
2325 -74
2326 -74
2327 -74
2328 -74
2329 -75
2330 -76
2331 -76
2332 -76
2333 -76
2334 -76
2335 -76
2336 -76
2337 -76
2338 -76
2339 -76
2340 -76
2341 -76
2342 -76
2343 -76
2344 -76
2345 -76
2346 -76
2347 -76
2348 -76
2349 -76
2350 -76
2351 -76
2352 -76
2353 -76
2354 -76
2355 -76
2356 -76
2357 -76
2358 -76
2359 -76
2360 -76
2361 -76
2362 -76
2363 -76
2364 -76
2365 -76
2366 -76
2367 -76
2368 -76
2369 -76
2370 -76
2371 -76
2372 -76
2373 -76
2374 -76
2375 -76
2376 -76
2377 -76
2378 -76
2379 -76
2380 -76
2381 -76
2382 -76
2383 -76
2384 -76
2385 -76
2386 -76
2387 -76
2388 -76
2389 -76
2390 -76
2391 -76
2392 -76
2393 -76
2394 -76
2395 -76
2396 -76
2397 -76
2398 -76
2399 -76
2400 -76
2401 -76
2402 -76
2403 -76
2404 -76
2405 -76
2406 -76
2407 -76
2408 -76
2409 -76
2410 -76
2411 -76
2412 -76
2413 -76
2414 -76
2415 -76
2416 -76
2417 -76
2418 -76
2419 -76
2420 -76
2421 -76
2422 -76
2423 -76
2424 -76
2425 -76
2426 -76
2427 -76
2428 -76
2429 -76
2430 -76
2431 -76
2432 -76
2433 -76
2434 -76
2435 -76
2436 -76
2437 -76
2438 -76
2439 -76
2440 -76
2441 -76
2442 -76
2443 -76
2444 -76
2445 -76
2446 -76
2447 -76
2448 -76
2449 -76
2450 -76
2451 -76
2452 -76
2453 -76
2454 -76
2455 -76
2456 -76
2457 -76
2458 -76
2459 -76
2460 -76
2461 -76
2462 -76
2463 -76
2464 -76
2465 -76
2466 -76
2467 -76
2468 -76
2469 -76
2470 -76
2471 -76
2472 -76
2473 -76
2474 -76
2475 -76
2476 -76
2477 -76
2478 -76
2479 -76
2480 -76
2481 -76
2482 -76
2483 -76
2484 -76
2485 -76
2486 -76
2487 -76
2488 -76
2489 -76
2490 -76
2491 -76
2492 -76
2493 -76
2494 -76
2495 -76
2496 -76
2497 -76
2498 -76
2499 -76
2500 -76
2501 -76
2502 -76
2503 -76
2504 -76
2505 -76
2506 -76
2507 -76
2508 -76
2509 -76
2510 -76
2511 -76
2512 -76
2513 -76
2514 -76
2515 -76
2516 -76
2517 -76
2518 -76
2519 -76
2520 -76
2521 -76
2522 -76
2523 -76
2524 -76
2525 -76
2526 -76
2527 -76
2528 -76
2529 -76
2530 -76
2531 -76
2532 -76
2533 -76
2534 -76
2535 -76
2536 -76
2537 -76
2538 -76
2539 -76
2540 -76
2541 -76
2542 -76
2543 -76
2544 -76
2545 -76
2546 -76
2547 -76
2548 -76
2549 -76
2550 -76
2551 -76
2552 -76
2553 -76
2554 -76
2555 -76
2556 -76
2557 -76
2558 -76
2559 -76
2560 -76
2561 -76
2562 -76
2563 -76
2564 -76
2565 -76
2566 -76
2567 -76
2568 -76
2569 -76
2570 -76
2571 -76
2572 -76
2573 -76
2574 -76
2575 -76
2576 -76
2577 -76
2578 -76
2579 -76
2580 -76
2581 -76
2582 -76
2583 -76
2584 -76
2585 -76
2586 -76
2587 -76
2588 -76
2589 -76
2590 -76
2591 -76
2592 -76
2593 -76
2594 -76
2595 -76
2596 -76
2597 -76
2598 -76
2599 -76
2600 -76
2601 -76
2602 -76
2603 -76
2604 -76
2605 -76
2606 -76
2607 -76
2608 -76
2609 -76
2610 -76
2611 -76
2612 -76
2613 -76
2614 -76
2615 -76
2616 -76
2617 -76
2618 -76
2619 -76
2620 -76
2621 -76
2622 -76
2623 -76
2624 -76
2625 -76
2626 -76
2627 -76
2628 -76
2629 -76
2630 -76
2631 -76
2632 -76
2633 -76
2634 -76
2635 -76
2636 -76
2637 -76
2638 -76
2639 -76
2640 -76
2641 -76
2642 -76
2643 -76
2644 -76
2645 -76
2646 -76
2647 -76
2648 -76
2649 -76
2650 -76
2651 -76
2652 -76
2653 -76
2654 -76
2655 -76
2656 -76
2657 -76
2658 -76
2659 -76
2660 -76
2661 -76
2662 -76
2663 -76
2664 -76
2665 -77
2666 -78
2667 -78
2668 -78
2669 -78
2670 -78
2671 -79
2672 -80
2673 -80
2674 -80
2675 -81
2676 -82
2677 -82
2678 -82
2679 -83
2680 -83
2681 -83
2682 -83
2683 -83
2684 -84
2685 -85
2686 -85
2687 -85
2688 -85
2689 -85
2690 -86
2691 -86
2692 -86
2693 -86
2694 -86
2695 -86
2696 -86
2697 -86
2698 -86
2699 -86
2700 -86
2701 -86
2702 -86
2703 -86
2704 -86
2705 -86
2706 -86
2707 -86
2708 -86
2709 -86
2710 -86
2711 -86
2712 -86
2713 -86
2714 -86
2715 -86
2716 -86
2717 -86
2718 -86
2719 -86
2720 -86
2721 -86
2722 -86
2723 -86
2724 -86
2725 -86
2726 -86
2727 -86
2728 -86
2729 -86
2730 -86
2731 -86
2732 -86
2733 -86
2734 -86
2735 -86
2736 -86
2737 -86
2738 -86
2739 -86
2740 -86
2741 -86
2742 -86
2743 -86
2744 -86
2745 -86
2746 -86
2747 -86
2748 -86
2749 -86
2750 -86
2751 -86
2752 -86
2753 -86
2754 -86
2755 -86
2756 -86
2757 -86
2758 -86
2759 -86
2760 -86
2761 -86
2762 -86
2763 -86
2764 -86
2765 -87
2766 -88
2767 -88
2768 -88
2769 -88
2770 -88
2771 -89
2772 -89
2773 -89
2774 -89
2775 -89
2776 -89
2777 -89
2778 -89
2779 -89
2780 -90
2781 -91
2782 -92
2783 -92
2784 -92
2785 -92
2786 -92
2787 -92
2788 -92
2789 -92
2790 -92
2791 -92
2792 -92
2793 -92
2794 -92
2795 -92
2796 -92
2797 -92
2798 -92
2799 -92
2800 -92
2801 -92
2802 -92
2803 -92
2804 -92
2805 -92
2806 -92
2807 -92
2808 -92
2809 -92
2810 -92
2811 -92
2812 -92
2813 -92
2814 -92
2815 -92
2816 -92
2817 -92
2818 -92
2819 -92
2820 -92
2821 -92
2822 -92
2823 -92
2824 -92
2825 -92
2826 -92
2827 -92
2828 -92
2829 -92
2830 -92
2831 -92
2832 -92
2833 -92
2834 -92
2835 -92
2836 -92
2837 -92
2838 -92
2839 -92
2840 -92
2841 -92
2842 -92
2843 -92
2844 -92
2845 -92
2846 -92
2847 -92
2848 -92
2849 -92
2850 -92
2851 -92
2852 -92
2853 -92
2854 -92
2855 -92
2856 -92
2857 -92
2858 -92
2859 -92
2860 -92
2861 -92
2862 -92
2863 -92
2864 -92
2865 -92
2866 -92
2867 -92
2868 -92
2869 -92
2870 -92
2871 -92
2872 -92
2873 -92
2874 -92
2875 -92
2876 -92
2877 -92
2878 -92
2879 -92
2880 -92
2881 -92
2882 -92
2883 -93
2884 -93
2885 -93
2886 -93
2887 -93
2888 -93
2889 -93
2890 -93
2891 -93
2892 -93
2893 -93
2894 -93
2895 -93
2896 -93
2897 -93
2898 -93
2899 -93
2900 -93
2901 -93
2902 -93
2903 -93
2904 -93
2905 -93
2906 -93
2907 -93
2908 -93
2909 -93
2910 -93
2911 -93
2912 -93
2913 -93
2914 -93
2915 -93
2916 -93
2917 -93
2918 -93
2919 -93
2920 -93
2921 -93
2922 -93
2923 -93
2924 -93
2925 -93
2926 -93
2927 -93
2928 -93
2929 -93
2930 -93
2931 -93
2932 -93
2933 -93
2934 -93
2935 -93
2936 -93
2937 -93
2938 -93
2939 -93
2940 -93
2941 -93
2942 -93
2943 -93
2944 -93
2945 -93
2946 -93
2947 -93
2948 -93
2949 -93
2950 -93
2951 -93
2952 -93
2953 -93
2954 -93
2955 -93
2956 -93
2957 -93
2958 -93
2959 -93
2960 -93
2961 -93
2962 -93
2963 -93
2964 -93
2965 -93
2966 -93
2967 -93
2968 -93
2969 -93
2970 -93
2971 -93
2972 -93
2973 -93
2974 -93
2975 -93
2976 -93
2977 -93
2978 -93
2979 -93
2980 -93
2981 -93
2982 -93
2983 -93
2984 -93
2985 -93
2986 -93
2987 -93
2988 -93
2989 -93
2990 -93
2991 -93
2992 -93
2993 -93
2994 -93
2995 -93
2996 -93
2997 -93
2998 -93
2999 -93
3000 -93
3001 -93
3002 -93
3003 -93
3004 -93
3005 -93
3006 -93
3007 -93
3008 -93
3009 -93
3010 -93
3011 -93
3012 -93
3013 -93
3014 -93
3015 -93
3016 -93
3017 -93
3018 -93
3019 -93
3020 -93
3021 -93
3022 -93
3023 -93
3024 -93
3025 -93
3026 -93
3027 -93
3028 -93
3029 -93
3030 -93
3031 -93
3032 -93
3033 -93
3034 -93
3035 -93
3036 -93
3037 -93
3038 -93
3039 -93
3040 -93
3041 -93
3042 -93
3043 -93
3044 -93
3045 -93
3046 -93
3047 -93
3048 -93
3049 -93
3050 -93
3051 -93
3052 -93
3053 -93
3054 -93
3055 -93
3056 -93
3057 -93
3058 -93
3059 -93
3060 -93
3061 -93
3062 -93
3063 -93
3064 -93
3065 -93
3066 -93
3067 -93
3068 -93
3069 -93
3070 -93
3071 -93
3072 -93
3073 -93
3074 -93
3075 -93
3076 -93
3077 -93
3078 -93
3079 -93
3080 -93
3081 -93
3082 -93
3083 -93
3084 -93
3085 -93
3086 -93
3087 -93
3088 -93
3089 -93
3090 -93
3091 -93
3092 -93
3093 -93
3094 -93
3095 -93
3096 -93
3097 -93
3098 -93
3099 -93
3100 -93
3101 -93
3102 -93
3103 -93
3104 -93
3105 -93
3106 -93
3107 -93
3108 -93
3109 -93
3110 -93
3111 -93
3112 -93
3113 -93
3114 -93
3115 -93
3116 -93
3117 -93
3118 -93
3119 -93
3120 -93
3121 -93
3122 -93
3123 -93
3124 -93
3125 -93
3126 -93
3127 -93
3128 -93
3129 -93
3130 -93
3131 -93
3132 -93
3133 -93
3134 -93
3135 -93
3136 -93
3137 -93
3138 -93
3139 -93
3140 -93
3141 -93
3142 -93
3143 -93
3144 -93
3145 -93
3146 -93
3147 -93
3148 -93
3149 -93
3150 -93
3151 -93
3152 -93
3153 -93
3154 -93
3155 -93
3156 -93
3157 -93
3158 -93
3159 -93
3160 -93
3161 -93
3162 -93
3163 -93
3164 -93
3165 -93
3166 -93
3167 -93
3168 -93
3169 -93
3170 -93
3171 -93
3172 -93
3173 -93
3174 -93
3175 -93
3176 -93
3177 -93
3178 -93
3179 -93
3180 -93
3181 -93
3182 -93
3183 -93
3184 -93
3185 -93
3186 -93
3187 -93
3188 -93
3189 -93
3190 -93
3191 -93
3192 -93
3193 -93
3194 -93
3195 -93
3196 -93
3197 -93
3198 -93
3199 -93
3200 -93
3201 -93
3202 -93
3203 -93
3204 -93
3205 -93
3206 -93
3207 -93
3208 -93
3209 -93
3210 -93
3211 -93
3212 -93
3213 -93
3214 -93
3215 -93
3216 -93
3217 -93
3218 -93
3219 -93
3220 -93
3221 -93
3222 -93
3223 -93
3224 -93
3225 -93
3226 -93
3227 -93
3228 -93
3229 -93
3230 -93
3231 -93
3232 -93
3233 -93
3234 -93
3235 -93
3236 -93
3237 -93
3238 -93
3239 -93
3240 -93
3241 -93
3242 -93
3243 -93
3244 -93
3245 -93
3246 -93
3247 -93
3248 -93
3249 -93
3250 -93
3251 -93
3252 -93
3253 -93
3254 -93
3255 -93
3256 -93
3257 -93
3258 -93
3259 -93
3260 -93
3261 -93
3262 -93
3263 -93
3264 -93
3265 -93
3266 -93
3267 -93
3268 -93
3269 -93
3270 -93
3271 -93
3272 -93
3273 -93
3274 -93
3275 -93
3276 -93
3277 -93
3278 -93
3279 -93
3280 -93
3281 -93
3282 -93
3283 -93
3284 -93
3285 -93
3286 -93
3287 -93
3288 -93
3289 -93
3290 -93
3291 -93
3292 -93
3293 -93
3294 -93
3295 -93
3296 -93
3297 -93
3298 -93
3299 -93
3300 -93
3301 -93
3302 -93
3303 -93
3304 -93
3305 -93
3306 -93
3307 -93
3308 -93
3309 -93
3310 -93
3311 -93
3312 -93
3313 -93
3314 -93
3315 -93
3316 -93
3317 -93
3318 -93
3319 -93
3320 -93
3321 -93
3322 -93
3323 -93
3324 -93
3325 -93
3326 -93
3327 -93
3328 -93
3329 -93
3330 -93
3331 -93
3332 -93
3333 -93
3334 -93
3335 -93
3336 -93
3337 -93
3338 -93
3339 -93
3340 -93
3341 -93
3342 -93
3343 -93
3344 -93
3345 -93
3346 -93
3347 -93
3348 -93
3349 -93
3350 -93
3351 -93
3352 -93
3353 -93
3354 -93
3355 -93
3356 -93
3357 -93
3358 -93
3359 -93
3360 -93
3361 -93
3362 -93
3363 -93
3364 -93
3365 -93
3366 -93
3367 -93
3368 -93
3369 -93
3370 -93
3371 -93
3372 -93
3373 -93
3374 -93
3375 -93
3376 -93
3377 -93
3378 -93
3379 -93
3380 -93
3381 -93
3382 -93
3383 -93
3384 -93
3385 -93
3386 -93
3387 -93
3388 -93
3389 -93
3390 -93
3391 -93
3392 -93
3393 -93
3394 -93
3395 -93
3396 -93
3397 -93
3398 -93
3399 -93
3400 -93
3401 -93
3402 -93
3403 -93
3404 -93
3405 -93
3406 -93
3407 -93
3408 -93
3409 -93
3410 -93
3411 -93
3412 -93
3413 -93
3414 -93
3415 -93
3416 -93
3417 -93
3418 -93
3419 -93
3420 -93
3421 -93
3422 -93
3423 -93
3424 -93
3425 -93
3426 -93
3427 -93
3428 -93
3429 -93
3430 -93
3431 -93
3432 -93
3433 -93
3434 -93
3435 -93
3436 -93
3437 -93
3438 -93
3439 -93
3440 -93
3441 -93
3442 -93
3443 -93
3444 -93
3445 -93
3446 -93
3447 -93
3448 -93
3449 -93
3450 -93
3451 -93
3452 -93
3453 -93
3454 -93
3455 -93
3456 -93
3457 -93
3458 -93
3459 -93
3460 -93
3461 -93
3462 -93
3463 -93
3464 -93
3465 -93
3466 -93
3467 -93
3468 -93
3469 -93
3470 -93
3471 -93
3472 -93
3473 -93
3474 -93
3475 -93
3476 -93
3477 -93
3478 -93
3479 -93
3480 -93
3481 -93
3482 -93
3483 -93
3484 -93
3485 -93
3486 -93
3487 -93
3488 -93
3489 -93
3490 -93
3491 -93
3492 -93
3493 -93
3494 -93
3495 -93
3496 -93
3497 -93
3498 -93
3499 -93
3500 -93
3501 -93
3502 -93
3503 -93
3504 -93
3505 -93
3506 -93
3507 -93
3508 -93
3509 -93
3510 -93
3511 -93
3512 -93
3513 -93
3514 -93
3515 -93
3516 -93
3517 -93
3518 -93
3519 -93
3520 -93
3521 -93
3522 -93
3523 -93
3524 -93
3525 -93
3526 -93
3527 -93
3528 -93
3529 -93
3530 -93
3531 -93
3532 -93
3533 -93
3534 -93
3535 -93
3536 -93
3537 -93
3538 -93
3539 -93
3540 -93
3541 -93
3542 -93
3543 -93
3544 -93
3545 -93
3546 -93
3547 -93
3548 -93
3549 -93
3550 -93
3551 -93
3552 -93
3553 -93
3554 -93
3555 -93
3556 -93
3557 -93
3558 -93
3559 -93
3560 -93
3561 -93
3562 -93
3563 -93
3564 -93
3565 -93
3566 -93
3567 -93
3568 -93
3569 -93
3570 -93
3571 -93
3572 -93
3573 -93
3574 -93
3575 -93
3576 -93
3577 -93
3578 -93
3579 -93
3580 -93
3581 -93
3582 -93
3583 -93
3584 -93
3585 -93
3586 -93
3587 -93
3588 -93
3589 -93
3590 -93
3591 -93
3592 -93
3593 -93
3594 -93
3595 -93
3596 -93
3597 -93
3598 -93
3599 -93
3600 -93
3601 -93
3602 -93
3603 -93
3604 -93
3605 -93
3606 -93
3607 -93
3608 -93
3609 -93
3610 -93
3611 -93
3612 -93
3613 -93
3614 -93
3615 -93
3616 -93
3617 -93
3618 -93
3619 -93
3620 -93
3621 -93
3622 -93
3623 -93
3624 -93
3625 -93
3626 -93
3627 -93
3628 -93
3629 -93
3630 -93
3631 -93
3632 -93
3633 -93
3634 -93
3635 -93
3636 -93
3637 -93
3638 -93
3639 -93
3640 -93
3641 -93
3642 -93
3643 -93
3644 -93
3645 -93
3646 -93
3647 -93
3648 -93
3649 -93
3650 -93
3651 -93
3652 -93
3653 -93
3654 -93
3655 -93
3656 -93
3657 -93
3658 -93
3659 -93
3660 -93
3661 -93
3662 -93
3663 -93
3664 -93
3665 -93
3666 -93
3667 -93
3668 -93
3669 -93
3670 -93
3671 -93
3672 -93
3673 -93
3674 -93
3675 -93
3676 -93
3677 -93
3678 -93
3679 -93
3680 -93
3681 -93
3682 -93
3683 -93
3684 -93
3685 -93
3686 -93
3687 -93
3688 -93
3689 -93
3690 -93
3691 -93
3692 -93
3693 -93
3694 -93
3695 -93
3696 -93
3697 -93
3698 -93
3699 -93
3700 -93
3701 -93
3702 -93
3703 -93
3704 -93
3705 -93
3706 -93
3707 -93
3708 -93
3709 -93
3710 -93
3711 -93
3712 -93
3713 -93
3714 -93
3715 -93
3716 -93
3717 -93
3718 -93
3719 -93
3720 -93
3721 -93
3722 -93
3723 -93
3724 -93
3725 -93
3726 -93
3727 -93
3728 -93
3729 -93
3730 -93
3731 -93
3732 -93
3733 -93
3734 -93
3735 -93
3736 -93
3737 -93
3738 -93
3739 -93
3740 -93
3741 -93
3742 -93
3743 -93
3744 -93
3745 -93
3746 -93
3747 -93
3748 -93
3749 -93
3750 -93
3751 -93
3752 -93
3753 -93
3754 -93
3755 -93
3756 -93
3757 -93
3758 -93
3759 -93
3760 -93
3761 -93
3762 -93
3763 -93
3764 -93
3765 -93
3766 -93
3767 -93
3768 -93
3769 -93
3770 -93
3771 -93
3772 -93
3773 -93
3774 -93
3775 -93
3776 -93
3777 -93
3778 -93
3779 -93
3780 -93
3781 -93
3782 -93
3783 -93
3784 -93
3785 -93
3786 -93
3787 -93
3788 -93
3789 -93
3790 -93
3791 -93
3792 -93
3793 -93
3794 -93
3795 -93
3796 -93
3797 -93
3798 -93
3799 -93
3800 -93
3801 -93
3802 -93
3803 -93
3804 -93
3805 -93
3806 -93
3807 -93
3808 -93
3809 -93
3810 -93
3811 -93
3812 -93
3813 -93
3814 -93
3815 -93
3816 -93
3817 -93
3818 -93
3819 -93
3820 -93
3821 -93
3822 -93
3823 -93
3824 -93
3825 -93
3826 -93
3827 -93
3828 -93
3829 -93
3830 -93
3831 -93
3832 -93
3833 -93
3834 -93
3835 -93
3836 -93
3837 -93
3838 -93
3839 -93
3840 -93
3841 -93
3842 -93
3843 -93
3844 -93
3845 -93
3846 -93
3847 -93
3848 -93
3849 -93
3850 -93
3851 -93
3852 -93
3853 -93
3854 -93
3855 -93
3856 -93
3857 -93
3858 -93
3859 -93
3860 -93
3861 -93
3862 -93
3863 -93
3864 -93
3865 -93
3866 -93
3867 -93
3868 -93
3869 -93
3870 -93
3871 -93
3872 -93
3873 -93
3874 -93
3875 -93
3876 -93
3877 -93
3878 -93
3879 -93
3880 -93
3881 -93
3882 -93
3883 -93
3884 -93
3885 -93
3886 -93
3887 -93
3888 -93
3889 -93
3890 -93
3891 -93
3892 -93
3893 -93
3894 -93
3895 -93
3896 -93
3897 -93
3898 -93
3899 -93
3900 -93
3901 -93
3902 -93
3903 -93
3904 -93
3905 -93
3906 -93
3907 -93
3908 -93
3909 -93
3910 -93
3911 -93
3912 -93
3913 -93
3914 -93
3915 -93
3916 -93
3917 -93
3918 -93
3919 -93
3920 -93
3921 -93
3922 -93
3923 -93
3924 -93
3925 -93
3926 -93
3927 -93
3928 -93
3929 -93
3930 -93
3931 -93
3932 -93
3933 -93
3934 -93
3935 -93
3936 -93
3937 -93
3938 -93
3939 -93
3940 -93
3941 -93
3942 -93
3943 -93
3944 -93
3945 -93
3946 -93
3947 -93
3948 -93
3949 -93
3950 -93
3951 -93
3952 -93
3953 -93
3954 -93
3955 -93
3956 -93
3957 -93
3958 -93
3959 -93
3960 -93
3961 -93
3962 -93
3963 -93
3964 -93
3965 -93
3966 -93
3967 -93
3968 -93
3969 -93
3970 -93
3971 -93
3972 -93
3973 -93
3974 -93
3975 -93
3976 -93
3977 -93
3978 -93
3979 -93
3980 -93
3981 -93
3982 -93
3983 -93
3984 -93
3985 -93
3986 -93
3987 -93
3988 -93
3989 -93
3990 -93
3991 -93
3992 -93
3993 -93
3994 -93
3995 -93
3996 -93
3997 -93
3998 -93
3999 -93
4000 -93
4001 -93
4002 -93
4003 -93
4004 -93
4005 -93
4006 -93
4007 -93
4008 -93
4009 -93
4010 -93
4011 -93
4012 -93
4013 -93
4014 -93
4015 -93
4016 -93
4017 -93
4018 -93
4019 -93
4020 -93
4021 -93
4022 -93
4023 -93
4024 -93
4025 -93
4026 -93
4027 -93
4028 -93
4029 -93
4030 -93
4031 -93
4032 -93
4033 -93
4034 -93
4035 -93
4036 -93
4037 -93
4038 -93
4039 -93
4040 -93
4041 -93
4042 -93
4043 -93
4044 -93
4045 -93
4046 -93
4047 -93
4048 -93
4049 -93
4050 -93
4051 -93
4052 -93
4053 -93
4054 -93
4055 -93
4056 -93
4057 -93
4058 -93
4059 -93
4060 -93
4061 -93
4062 -93
4063 -93
4064 -93
4065 -93
4066 -93
4067 -93
4068 -93
4069 -93
4070 -93
4071 -93
4072 -93
4073 -93
4074 -93
4075 -93
4076 -93
4077 -93
4078 -93
4079 -93
4080 -93
4081 -93
4082 -93
4083 -93
4084 -93
4085 -93
4086 -93
4087 -93
4088 -93
4089 -93
4090 -93
4091 -93
4092 -93
4093 -93
4094 -93
4095 -93
4096 -93
4097 -93
4098 -93
4099 -93
4100 -93
4101 -93
4102 -93
4103 -93
4104 -93
4105 -93
4106 -93
4107 -93
4108 -93
4109 -93
4110 -93
4111 -93
4112 -93
4113 -93
4114 -93
4115 -93
4116 -93
4117 -93
4118 -93
4119 -93
4120 -93
4121 -93
4122 -93
4123 -93
4124 -93
4125 -93
4126 -93
4127 -93
4128 -93
4129 -93
4130 -93
4131 -93
4132 -93
4133 -93
4134 -93
4135 -93
4136 -93
4137 -93
4138 -93
4139 -93
4140 -93
4141 -93
4142 -93
4143 -93
4144 -93
4145 -93
4146 -93
4147 -93
4148 -93
4149 -93
4150 -93
4151 -93
4152 -93
4153 -93
4154 -93
4155 -93
4156 -93
4157 -93
4158 -93
4159 -93
4160 -93
4161 -93
4162 -93
4163 -93
4164 -93
4165 -93
4166 -93
4167 -93
4168 -93
4169 -93
4170 -93
4171 -93
4172 -93
4173 -93
4174 -93
4175 -93
4176 -93
4177 -93
4178 -93
4179 -93
4180 -93
4181 -93
4182 -93
4183 -93
4184 -93
4185 -93
4186 -93
4187 -93
4188 -93
4189 -93
4190 -93
4191 -93
4192 -93
4193 -93
4194 -93
4195 -93
4196 -93
4197 -93
4198 -93
4199 -93
4200 -93
4201 -93
4202 -93
4203 -93
4204 -93
4205 -93
4206 -93
4207 -93
4208 -93
4209 -93
4210 -93
4211 -93
4212 -93
4213 -93
4214 -93
4215 -93
4216 -93
4217 -93
4218 -93
4219 -93
4220 -93
4221 -93
4222 -93
4223 -93
4224 -93
4225 -93
4226 -93
4227 -93
4228 -93
4229 -93
4230 -93
4231 -93
4232 -93
4233 -93
4234 -93
4235 -93
4236 -93
4237 -93
4238 -93
4239 -93
4240 -93
4241 -93
4242 -93
4243 -93
4244 -93
4245 -93
4246 -93
4247 -93
4248 -93
4249 -93
4250 -93
4251 -93
4252 -93
4253 -93
4254 -93
4255 -93
4256 -93
4257 -93
4258 -93
4259 -93
4260 -93
4261 -93
4262 -93
4263 -93
4264 -93
4265 -93
4266 -93
4267 -93
4268 -93
4269 -93
4270 -93
4271 -93
4272 -93
4273 -93
4274 -93
4275 -93
4276 -93
4277 -93
4278 -93
4279 -93
4280 -93
4281 -93
4282 -93
4283 -93
4284 -93
4285 -93
4286 -93
4287 -93
4288 -93
4289 -93
4290 -93
4291 -93
4292 -93
4293 -93
4294 -93
4295 -93
4296 -93
4297 -93
4298 -93
4299 -93
4300 -93
4301 -93
4302 -93
4303 -93
4304 -93
4305 -93
4306 -93
4307 -93
4308 -93
4309 -93
4310 -93
4311 -93
4312 -93
4313 -93
4314 -93
4315 -93
4316 -93
4317 -93
4318 -93
4319 -93
4320 -93
4321 -93
4322 -93
4323 -93
4324 -93
4325 -93
4326 -93
4327 -93
4328 -93
4329 -93
4330 -93
4331 -93
4332 -93
4333 -93
4334 -93
4335 -93
4336 -93
4337 -93
4338 -93
4339 -93
4340 -93
4341 -93
4342 -93
4343 -93
4344 -93
4345 -93
4346 -93
4347 -93
4348 -93
4349 -93
4350 -93
4351 -93
4352 -93
4353 -93
4354 -93
4355 -93
4356 -93
4357 -93
4358 -93
4359 -93
4360 -93
4361 -93
4362 -93
4363 -93
4364 -93
4365 -93
4366 -93
4367 -93
4368 -93
4369 -93
4370 -93
4371 -93
4372 -93
4373 -93
4374 -93
4375 -93
4376 -93
4377 -93
4378 -93
4379 -93
4380 -93
4381 -93
4382 -93
4383 -93
4384 -93
4385 -93
4386 -93
4387 -93
4388 -93
4389 -93
4390 -93
4391 -93
4392 -93
4393 -93
4394 -93
4395 -93
4396 -93
4397 -93
4398 -93
4399 -93
4400 -93
4401 -93
4402 -93
4403 -93
4404 -93
4405 -93
4406 -93
4407 -93
4408 -93
4409 -93
4410 -93
4411 -93
4412 -93
4413 -93
4414 -93
4415 -93
4416 -93
4417 -93
4418 -93
4419 -93
4420 -93
4421 -93
4422 -93
4423 -93
4424 -93
4425 -93
4426 -93
4427 -93
4428 -93
4429 -93
4430 -93
4431 -93
4432 -93
4433 -93
4434 -93
4435 -93
4436 -93
4437 -93
4438 -93
4439 -93
4440 -93
4441 -93
4442 -93
4443 -93
4444 -93
4445 -93
4446 -93
4447 -93
4448 -93
4449 -93
4450 -93
4451 -93
4452 -93
4453 -93
4454 -93
4455 -93
4456 -93
4457 -93
4458 -93
4459 -93
4460 -93
4461 -93
4462 -93
4463 -93
4464 -93
4465 -93
4466 -93
4467 -93
4468 -93
4469 -93
4470 -93
4471 -93
4472 -93
4473 -93
4474 -93
4475 -93
4476 -93
4477 -93
4478 -93
4479 -93
4480 -93
4481 -93
4482 -93
4483 -93
4484 -93
4485 -93
4486 -93
4487 -93
4488 -93
4489 -93
4490 -93
4491 -93
4492 -93
4493 -93
4494 -93
4495 -93
4496 -93
4497 -93
4498 -93
4499 -93
4500 -93
4501 -93
4502 -93
4503 -93
4504 -93
4505 -93
4506 -93
4507 -93
4508 -93
4509 -93
4510 -93
4511 -93
4512 -93
4513 -93
4514 -93
4515 -93
4516 -93
4517 -93
4518 -93
4519 -93
4520 -93
4521 -93
4522 -93
4523 -93
4524 -93
4525 -93
4526 -93
4527 -93
4528 -93
4529 -93
4530 -93
4531 -93
4532 -93
4533 -93
4534 -93
4535 -93
4536 -93
4537 -93
4538 -93
4539 -93
4540 -93
4541 -93
4542 -93
4543 -93
4544 -93
4545 -93
4546 -93
4547 -93
4548 -93
4549 -93
4550 -93
4551 -93
4552 -93
4553 -93
4554 -93
4555 -93
4556 -93
4557 -93
4558 -93
4559 -93
4560 -93
4561 -93
4562 -93
4563 -93
4564 -93
4565 -93
4566 -93
4567 -93
4568 -93
4569 -93
4570 -93
4571 -93
4572 -93
4573 -93
4574 -93
4575 -93
4576 -93
4577 -93
4578 -93
4579 -93
4580 -93
4581 -93
4582 -93
4583 -93
4584 -93
4585 -93
4586 -93
4587 -93
4588 -93
4589 -93
4590 -93
4591 -93
4592 -93
4593 -93
4594 -93
4595 -93
4596 -93
4597 -93
4598 -93
4599 -93
4600 -93
4601 -93
4602 -93
4603 -93
4604 -93
4605 -93
4606 -93
4607 -93
4608 -93
4609 -93
4610 -93
4611 -93
4612 -93
4613 -93
4614 -93
4615 -93
4616 -93
4617 -93
4618 -93
4619 -93
4620 -93
4621 -93
4622 -93
4623 -93
4624 -93
4625 -93
4626 -93
4627 -93
4628 -93
4629 -93
4630 -93
4631 -93
4632 -93
4633 -93
4634 -93
4635 -93
4636 -93
4637 -93
4638 -93
4639 -93
4640 -93
4641 -93
4642 -93
4643 -93
4644 -93
4645 -93
4646 -93
4647 -93
4648 -93
4649 -93
4650 -93
4651 -93
4652 -93
4653 -93
4654 -93
4655 -93
4656 -93
4657 -93
4658 -93
4659 -93
4660 -93
4661 -93
4662 -93
4663 -93
4664 -93
4665 -93
4666 -93
4667 -93
4668 -93
4669 -93
4670 -93
4671 -93
4672 -93
4673 -93
4674 -93
4675 -93
4676 -93
4677 -93
4678 -93
4679 -93
4680 -93
4681 -93
4682 -93
4683 -93
4684 -93
4685 -93
4686 -93
4687 -93
4688 -93
4689 -93
4690 -93
4691 -93
4692 -93
4693 -93
4694 -93
4695 -93
4696 -93
4697 -93
4698 -93
4699 -93
4700 -93
4701 -93
4702 -93
4703 -93
4704 -93
4705 -93
4706 -93
4707 -93
4708 -93
4709 -93
4710 -93
4711 -93
4712 -93
4713 -93
4714 -93
4715 -93
4716 -93
4717 -93
4718 -93
4719 -93
4720 -93
4721 -93
4722 -93
4723 -93
4724 -93
4725 -93
4726 -93
4727 -93
4728 -93
4729 -93
4730 -93
4731 -93
4732 -93
4733 -93
4734 -93
4735 -93
4736 -93
4737 -93
4738 -93
4739 -93
4740 -93
4741 -93
4742 -93
4743 -93
4744 -93
4745 -93
4746 -93
4747 -93
4748 -93
4749 -93
4750 -93
4751 -93
4752 -93
4753 -93
4754 -93
4755 -93
4756 -93
4757 -93
4758 -93
4759 -93
4760 -94
4761 -94
4762 -94
4763 -94
4764 -94
4765 -94
4766 -94
4767 -94
4768 -94
4769 -94
4770 -94
4771 -94
4772 -94
4773 -94
4774 -94
4775 -94
4776 -94
4777 -94
4778 -94
4779 -94
4780 -94
4781 -94
4782 -94
4783 -94
4784 -94
4785 -94
4786 -94
4787 -94
4788 -94
4789 -94
4790 -94
4791 -94
4792 -94
4793 -94
4794 -94
4795 -94
4796 -94
4797 -94
4798 -94
4799 -94
4800 -94
4801 -94
4802 -94
4803 -94
4804 -94
4805 -94
4806 -94
4807 -94
4808 -94
4809 -94
4810 -94
4811 -94
4812 -94
4813 -94
4814 -94
4815 -94
4816 -94
4817 -94
4818 -94
4819 -94
4820 -94
4821 -94
4822 -94
4823 -94
4824 -94
4825 -94
4826 -94
4827 -94
4828 -94
4829 -94
4830 -94
4831 -94
4832 -94
4833 -94
4834 -94
4835 -94
4836 -94
4837 -94
4838 -94
4839 -94
4840 -94
4841 -94
4842 -94
4843 -94
4844 -94
4845 -94
4846 -94
4847 -94
4848 -94
4849 -94
4850 -94
4851 -94
4852 -94
4853 -94
4854 -94
4855 -94
4856 -94
4857 -94
4858 -94
4859 -94
4860 -94
4861 -94
4862 -94
4863 -94
4864 -94
4865 -94
4866 -94
4867 -94
4868 -94
4869 -94
4870 -94
4871 -94
4872 -94
4873 -94
4874 -94
4875 -94
4876 -94
4877 -94
4878 -94
4879 -94
4880 -94
4881 -94
4882 -94
4883 -94
4884 -94
4885 -94
4886 -94
4887 -94
4888 -94
4889 -94
4890 -94
4891 -94
4892 -94
4893 -94
4894 -94
4895 -94
4896 -94
4897 -94
4898 -94
4899 -94
4900 -94
4901 -94
4902 -94
4903 -94
4904 -94
4905 -94
4906 -94
4907 -94
4908 -94
4909 -94
4910 -94
4911 -94
4912 -94
4913 -94
4914 -94
4915 -94
4916 -94
4917 -94
4918 -94
4919 -94
4920 -94
4921 -94
4922 -94
4923 -94
4924 -94
4925 -94
4926 -94
4927 -94
4928 -94
4929 -94
4930 -94
4931 -94
4932 -94
4933 -94
4934 -94
4935 -94
4936 -94
4937 -94
4938 -94
4939 -94
4940 -94
4941 -94
4942 -94
4943 -94
4944 -94
4945 -94
4946 -94
4947 -94
4948 -94
4949 -94
4950 -94
4951 -94
4952 -94
4953 -94
4954 -94
4955 -94
4956 -94
4957 -94
4958 -94
4959 -94
4960 -94
4961 -94
4962 -94
4963 -94
4964 -94
4965 -94
4966 -94
4967 -94
4968 -94
4969 -94
4970 -94
4971 -94
4972 -94
4973 -94
4974 -94
4975 -94
4976 -94
4977 -94
4978 -94
4979 -94
4980 -94
4981 -94
4982 -94
4983 -94
4984 -94
4985 -94
4986 -94
4987 -94
4988 -94
4989 -94
4990 -94
4991 -94
4992 -94
4993 -94
4994 -94
4995 -94
4996 -94
4997 -94
4998 -94
4999 -94
5000 -94
5001 -94
5002 -94
5003 -94
5004 -94
5005 -94
5006 -94
5007 -94
5008 -94
5009 -94
5010 -94
5011 -94
5012 -94
5013 -94
5014 -94
5015 -94
5016 -94
5017 -94
5018 -94
5019 -94
5020 -94
5021 -94
5022 -94
5023 -94
5024 -94
5025 -94
5026 -94
5027 -94
5028 -94
5029 -94
5030 -94
5031 -94
5032 -94
5033 -94
5034 -94
5035 -94
5036 -94
5037 -94
5038 -94
5039 -94
5040 -94
5041 -94
5042 -94
5043 -94
5044 -94
5045 -94
5046 -94
5047 -94
5048 -94
5049 -94
5050 -94
5051 -94
5052 -94
5053 -94
5054 -94
5055 -94
5056 -94
5057 -94
5058 -94
5059 -94
5060 -94
5061 -94
5062 -94
5063 -94
5064 -94
5065 -94
5066 -94
5067 -94
5068 -94
5069 -94
5070 -94
5071 -94
5072 -94
5073 -94
5074 -94
5075 -94
5076 -94
5077 -94
5078 -94
5079 -94
5080 -94
5081 -94
5082 -94
5083 -94
5084 -94
5085 -94
5086 -94
5087 -94
5088 -94
5089 -94
5090 -94
5091 -94
5092 -94
5093 -94
5094 -94
5095 -94
5096 -94
5097 -94
5098 -94
5099 -94
5100 -94
5101 -94
5102 -94
5103 -94
5104 -94
5105 -94
5106 -94
5107 -94
5108 -94
5109 -94
5110 -94
5111 -94
5112 -94
5113 -94
5114 -94
5115 -94
5116 -94
5117 -94
5118 -94
5119 -94
5120 -94
5121 -94
5122 -94
5123 -94
5124 -94
5125 -94
5126 -94
5127 -94
5128 -94
5129 -94
5130 -94
5131 -94
5132 -94
5133 -94
5134 -94
5135 -94
5136 -94
5137 -94
5138 -94
5139 -94
5140 -94
5141 -94
5142 -94
5143 -94
5144 -94
5145 -94
5146 -94
5147 -94
5148 -94
5149 -94
5150 -94
5151 -94
5152 -94
5153 -94
5154 -94
5155 -94
5156 -94
5157 -94
5158 -94
5159 -94
5160 -94
5161 -94
5162 -94
5163 -94
5164 -94
5165 -94
5166 -94
5167 -94
5168 -94
5169 -94
5170 -94
5171 -94
5172 -94
5173 -94
5174 -94
5175 -94
5176 -94
5177 -94
5178 -94
5179 -94
5180 -94
5181 -94
5182 -94
5183 -94
5184 -94
5185 -94
5186 -94
5187 -94
5188 -94
5189 -94
5190 -94
5191 -94
5192 -94
5193 -94
5194 -94
5195 -94
5196 -94
5197 -94
5198 -94
5199 -94
5200 -94
5201 -94
5202 -94
5203 -94
5204 -94
5205 -94
5206 -94
5207 -94
5208 -94
5209 -94
5210 -94
5211 -94
5212 -94
5213 -94
5214 -94
5215 -94
5216 -94
5217 -94
5218 -94
5219 -94
5220 -94
5221 -94
5222 -94
5223 -94
5224 -94
5225 -94
5226 -94
5227 -94
5228 -94
5229 -94
5230 -94
5231 -94
5232 -94
5233 -94
5234 -94
5235 -94
5236 -94
5237 -94
5238 -94
5239 -94
5240 -94
5241 -94
5242 -94
5243 -94
5244 -94
5245 -94
5246 -94
5247 -94
5248 -94
5249 -94
5250 -94
5251 -94
5252 -94
5253 -94
5254 -94
5255 -94
5256 -94
5257 -94
5258 -94
5259 -94
5260 -94
5261 -94
5262 -94
5263 -94
5264 -94
5265 -94
5266 -94
5267 -94
5268 -94
5269 -94
5270 -94
5271 -94
5272 -94
5273 -94
5274 -94
5275 -94
5276 -94
5277 -94
5278 -94
5279 -94
5280 -94
5281 -94
5282 -94
5283 -94
5284 -94
5285 -94
5286 -94
5287 -94
5288 -94
5289 -94
5290 -94
5291 -94
5292 -94
5293 -94
5294 -94
5295 -94
5296 -94
5297 -94
5298 -94
5299 -94
5300 -94
5301 -94
5302 -94
5303 -94
5304 -94
5305 -94
5306 -94
5307 -94
5308 -94
5309 -94
5310 -94
5311 -94
5312 -94
5313 -94
5314 -94
5315 -94
5316 -94
5317 -94
5318 -94
5319 -94
5320 -94
5321 -94
5322 -94
5323 -94
5324 -94
5325 -94
5326 -94
5327 -94
5328 -94
5329 -94
5330 -94
5331 -94
5332 -94
5333 -94
5334 -94
5335 -94
5336 -94
5337 -94
5338 -94
5339 -94
5340 -94
5341 -94
5342 -94
5343 -94
5344 -94
5345 -94
5346 -94
5347 -94
5348 -94
5349 -94
5350 -94
5351 -95
5352 -95
5353 -95
5354 -96
5355 -97
5356 -98
5357 -98
5358 -98
5359 -98
5360 -98
5361 -98
5362 -98
5363 -98
5364 -98
5365 -98
5366 -98
5367 -98
5368 -98
5369 -98
5370 -98
5371 -98
5372 -98
5373 -98
5374 -98
5375 -98
5376 -98
5377 -98
5378 -98
5379 -99
5380 -99
5381 -99
5382 -100
5383 -100
5384 -100
5385 -100
5386 -100
5387 -100
5388 -100
5389 -100
5390 -100
5391 -100
5392 -100
5393 -101
5394 -102
5395 -103
5396 -104
5397 -105
5398 -105
5399 -105
5400 -105
5401 -105
5402 -105
5403 -105
5404 -105
5405 -105
5406 -105
5407 -105
5408 -105
5409 -105
5410 -105
5411 -105
5412 -105
5413 -105
5414 -105
5415 -105
5416 -105
5417 -105
5418 -105
5419 -105
5420 -105
5421 -105
5422 -105
5423 -105
5424 -105
5425 -105
5426 -105
5427 -105
5428 -105
5429 -105
5430 -105
5431 -105
5432 -105
5433 -105
5434 -105
5435 -105
5436 -105
5437 -105
5438 -105
5439 -105
5440 -105
5441 -105
5442 -105
5443 -105
5444 -105
5445 -105
5446 -105
5447 -105
5448 -105
5449 -105
5450 -105
5451 -105
5452 -105
5453 -105
5454 -105
5455 -105
5456 -105
5457 -105
5458 -105
5459 -105
5460 -105
5461 -105
5462 -105
5463 -105
5464 -105
5465 -105
5466 -105
5467 -105
5468 -105
5469 -105
5470 -105
5471 -105
5472 -105
5473 -105
5474 -105
5475 -105
5476 -105
5477 -105
5478 -105
5479 -105
5480 -105
5481 -105
5482 -105
5483 -105
5484 -105
5485 -105
5486 -105
5487 -105
5488 -105
5489 -105
5490 -105
5491 -105
5492 -105
5493 -105
5494 -105
5495 -105
5496 -105
5497 -105
5498 -105
5499 -105
5500 -105
5501 -105
5502 -105
5503 -105
5504 -105
5505 -105
5506 -105
5507 -105
5508 -105
5509 -105
5510 -105
5511 -105
5512 -105
5513 -105
5514 -105
5515 -105
5516 -105
5517 -105
5518 -105
5519 -105
5520 -105
5521 -105
5522 -105
5523 -105
5524 -105
5525 -105
5526 -105
5527 -105
5528 -105
5529 -105
5530 -105
5531 -105
5532 -105
5533 -105
5534 -105
5535 -105
5536 -105
5537 -105
5538 -105
5539 -105
5540 -105
5541 -105
5542 -105
5543 -105
5544 -105
5545 -105
5546 -105
5547 -105
5548 -105
5549 -105
5550 -105
5551 -105
5552 -105
5553 -105
5554 -105
5555 -105
5556 -105
5557 -105
5558 -105
5559 -105
5560 -105
5561 -105
5562 -105
5563 -105
5564 -105
5565 -105
5566 -105
5567 -105
5568 -105
5569 -105
5570 -105
5571 -105
5572 -105
5573 -105
5574 -105
5575 -105
5576 -105
5577 -105
5578 -105
5579 -105
5580 -105
5581 -105
5582 -105
5583 -105
5584 -105
5585 -105
5586 -105
5587 -105
5588 -105
5589 -105
5590 -105
5591 -105
5592 -105
5593 -105
5594 -105
5595 -105
5596 -105
5597 -105
5598 -105
5599 -105
5600 -105
5601 -105
5602 -105
5603 -105
5604 -105
5605 -105
5606 -105
5607 -105
5608 -105
5609 -105
5610 -105
5611 -105
5612 -105
5613 -105
5614 -105
5615 -105
5616 -105
5617 -105
5618 -105
5619 -105
5620 -105
5621 -105
5622 -105
5623 -105
5624 -105
5625 -105
5626 -105
5627 -105
5628 -105
5629 -105
5630 -105
5631 -105
5632 -105
5633 -105
5634 -105
5635 -105
5636 -105
5637 -105
5638 -105
5639 -105
5640 -105
5641 -105
5642 -105
5643 -105
5644 -105
5645 -105
5646 -105
5647 -105
5648 -105
5649 -105
5650 -105
5651 -105
5652 -105
5653 -105
5654 -105
5655 -105
5656 -105
5657 -105
5658 -105
5659 -105
5660 -105
5661 -105
5662 -105
5663 -105
5664 -105
5665 -105
5666 -105
5667 -105
5668 -105
5669 -105
5670 -105
5671 -105
5672 -105
5673 -105
5674 -105
5675 -105
5676 -105
5677 -105
5678 -105
5679 -105
5680 -105
5681 -105
5682 -105
5683 -105
5684 -105
5685 -105
5686 -105
5687 -105
5688 -105
5689 -105
5690 -105
5691 -105
5692 -105
5693 -105
5694 -105
5695 -105
5696 -105
5697 -105
5698 -105
5699 -105
5700 -105
5701 -105
5702 -105
5703 -105
5704 -105
5705 -105
5706 -105
5707 -105
5708 -105
5709 -105
5710 -105
5711 -105
5712 -105
5713 -105
5714 -105
5715 -105
5716 -105
5717 -105
5718 -105
5719 -105
5720 -105
5721 -105
5722 -105
5723 -105
5724 -105
5725 -105
5726 -105
5727 -105
5728 -105
5729 -105
5730 -105
5731 -105
5732 -105
5733 -105
5734 -105
5735 -105
5736 -105
5737 -105
5738 -105
5739 -105
5740 -105
5741 -105
5742 -105
5743 -105
5744 -105
5745 -105
5746 -105
5747 -105
5748 -105
5749 -105
5750 -105
5751 -105
5752 -105
5753 -105
5754 -105
5755 -105
5756 -105
5757 -105
5758 -105
5759 -105
5760 -105
5761 -105
5762 -105
5763 -105
5764 -105
5765 -105
5766 -105
5767 -105
5768 -105
5769 -105
5770 -105
5771 -105
5772 -105
5773 -105
5774 -105
5775 -105
5776 -105
5777 -105
5778 -105
5779 -105
5780 -105
5781 -105
5782 -105
5783 -105
5784 -105
5785 -105
5786 -105
5787 -105
5788 -105
5789 -105
5790 -105
5791 -105
5792 -105
5793 -105
5794 -105
5795 -105
5796 -105
5797 -105
5798 -105
5799 -105
5800 -105
5801 -105
5802 -105
5803 -105
5804 -105
5805 -105
5806 -105
5807 -105
5808 -105
5809 -105
5810 -105
5811 -105
5812 -105
5813 -105
5814 -105
5815 -105
5816 -105
5817 -105
5818 -105
5819 -105
5820 -105
5821 -105
5822 -105
5823 -105
5824 -105
5825 -105
5826 -105
5827 -105
5828 -105
5829 -105
5830 -105
5831 -105
5832 -105
5833 -105
5834 -105
5835 -105
5836 -105
5837 -105
5838 -105
5839 -105
5840 -105
5841 -105
5842 -105
5843 -105
5844 -105
5845 -105
5846 -105
5847 -105
5848 -105
5849 -105
5850 -105
5851 -105
5852 -105
5853 -105
5854 -105
5855 -105
5856 -105
5857 -105
5858 -105
5859 -105
5860 -105
5861 -105
5862 -105
5863 -105
5864 -105
5865 -105
5866 -105
5867 -105
5868 -105
5869 -105
5870 -105
5871 -105
5872 -105
5873 -105
5874 -105
5875 -105
5876 -105
5877 -105
5878 -105
5879 -105
5880 -105
5881 -105
5882 -105
5883 -105
5884 -105
5885 -105
5886 -105
5887 -105
5888 -105
5889 -105
5890 -105
5891 -105
5892 -105
5893 -105
5894 -105
5895 -105
5896 -105
5897 -105
5898 -105
5899 -105
5900 -105
5901 -105
5902 -105
5903 -105
5904 -105
5905 -105
5906 -105
5907 -105
5908 -105
5909 -105
5910 -105
5911 -105
5912 -105
5913 -105
5914 -105
5915 -105
5916 -105
5917 -105
5918 -105
5919 -105
5920 -105
5921 -105
5922 -105
5923 -105
5924 -105
5925 -105
5926 -105
5927 -105
5928 -105
5929 -105
5930 -105
5931 -105
5932 -105
5933 -105
5934 -105
5935 -105
5936 -105
5937 -105
5938 -105
5939 -105
5940 -105
5941 -105
5942 -105
5943 -105
5944 -105
5945 -105
5946 -105
5947 -105
5948 -105
5949 -105
5950 -105
5951 -105
5952 -105
5953 -105
5954 -105
5955 -105
5956 -105
5957 -105
5958 -105
5959 -105
5960 -105
5961 -105
5962 -105
5963 -105
5964 -105
5965 -105
5966 -105
5967 -105
5968 -105
5969 -105
5970 -105
5971 -105
5972 -105
5973 -105
5974 -105
5975 -105
5976 -105
5977 -105
5978 -105
5979 -105
5980 -105
5981 -105
5982 -105
5983 -105
5984 -105
5985 -105
5986 -105
5987 -105
5988 -105
5989 -105
5990 -105
5991 -105
5992 -105
5993 -105
5994 -105
5995 -105
5996 -105
5997 -105
5998 -105
5999 -105
6000 -105
6001 -105
6002 -105
6003 -105
6004 -105
6005 -105
6006 -105
6007 -105
6008 -105
6009 -105
6010 -105
6011 -105
6012 -105
6013 -105
6014 -105
6015 -105
6016 -105
6017 -105
6018 -105
6019 -105
6020 -105
6021 -105
6022 -105
6023 -105
6024 -105
6025 -105
6026 -105
6027 -105
6028 -105
6029 -105
6030 -105
6031 -105
6032 -105
6033 -105
6034 -105
6035 -105
6036 -105
6037 -105
6038 -105
6039 -105
6040 -105
6041 -105
6042 -105
6043 -105
6044 -105
6045 -105
6046 -105
6047 -105
6048 -105
6049 -105
6050 -105
6051 -105
6052 -105
6053 -105
6054 -105
6055 -105
6056 -105
6057 -105
6058 -105
6059 -105
6060 -105
6061 -105
6062 -105
6063 -105
6064 -105
6065 -105
6066 -105
6067 -105
6068 -105
6069 -105
6070 -105
6071 -105
6072 -105
6073 -105
6074 -105
6075 -105
6076 -105
6077 -105
6078 -105
6079 -105
6080 -105
6081 -105
6082 -105
6083 -105
6084 -105
6085 -105
6086 -105
6087 -105
6088 -105
6089 -105
6090 -105
6091 -105
6092 -105
6093 -105
6094 -105
6095 -105
6096 -105
6097 -105
6098 -105
6099 -105
6100 -105
6101 -105
6102 -105
6103 -105
6104 -105
6105 -105
6106 -105
6107 -105
6108 -105
6109 -105
6110 -105
6111 -105
6112 -105
6113 -105
6114 -105
6115 -105
6116 -105
6117 -105
6118 -105
6119 -105
6120 -105
6121 -105
6122 -105
6123 -105
6124 -105
6125 -105
6126 -105
6127 -105
6128 -105
6129 -105
6130 -105
6131 -105
6132 -105
6133 -105
6134 -105
6135 -105
6136 -105
6137 -105
6138 -105
6139 -105
6140 -105
6141 -105
6142 -105
6143 -105
6144 -105
6145 -105
6146 -105
6147 -105
6148 -105
6149 -105
6150 -105
6151 -105
6152 -105
6153 -105
6154 -105
6155 -105
6156 -105
6157 -105
6158 -105
6159 -105
6160 -105
6161 -105
6162 -105
6163 -105
6164 -105
6165 -105
6166 -105
6167 -105
6168 -105
6169 -105
6170 -105
6171 -105
6172 -105
6173 -105
6174 -105
6175 -105
6176 -105
6177 -105
6178 -105
6179 -105
6180 -105
6181 -105
6182 -105
6183 -105
6184 -105
6185 -105
6186 -105
6187 -105
6188 -105
6189 -105
6190 -105
6191 -105
6192 -105
6193 -105
6194 -105
6195 -105
6196 -105
6197 -105
6198 -105
6199 -105
6200 -105
6201 -105
6202 -105
6203 -105
6204 -105
6205 -105
6206 -105
6207 -105
6208 -105
6209 -105
6210 -105
6211 -105
6212 -105
6213 -105
6214 -105
6215 -105
6216 -105
6217 -105
6218 -105
6219 -105
6220 -105
6221 -105
6222 -105
6223 -105
6224 -105
6225 -105
6226 -105
6227 -105
6228 -105
6229 -105
6230 -105
6231 -105
6232 -105
6233 -105
6234 -105
6235 -105
6236 -105
6237 -105
6238 -105
6239 -105
6240 -105
6241 -105
6242 -105
6243 -105
6244 -105
6245 -105
6246 -105
6247 -105
6248 -105
6249 -105
6250 -105
6251 -105
6252 -105
6253 -105
6254 -105
6255 -105
6256 -105
6257 -105
6258 -105
6259 -105
6260 -105
6261 -105
6262 -105
6263 -105
6264 -105
6265 -105
6266 -105
6267 -105
6268 -105
6269 -105
6270 -105
6271 -105
6272 -105
6273 -105
6274 -105
6275 -105
6276 -105
6277 -105
6278 -105
6279 -105
6280 -105
6281 -105
6282 -105
6283 -105
6284 -105
6285 -105
6286 -105
6287 -105
6288 -105
6289 -105
6290 -105
6291 -105
6292 -105
6293 -105
6294 -105
6295 -105
6296 -105
6297 -105
6298 -105
6299 -105
6300 -105
6301 -105
6302 -105
6303 -105
6304 -105
6305 -105
6306 -105
6307 -105
6308 -105
6309 -105
6310 -105
6311 -105
6312 -105
6313 -105
6314 -105
6315 -105
6316 -105
6317 -105
6318 -105
6319 -105
6320 -105
6321 -105
6322 -105
6323 -105
6324 -105
6325 -105
6326 -105
6327 -105
6328 -105
6329 -105
6330 -105
6331 -105
6332 -105
6333 -105
6334 -105
6335 -105
6336 -105
6337 -105
6338 -105
6339 -105
6340 -105
6341 -105
6342 -105
6343 -105
6344 -105
6345 -105
6346 -105
6347 -105
6348 -105
6349 -105
6350 -105
6351 -105
6352 -105
6353 -105
6354 -105
6355 -105
6356 -105
6357 -105
6358 -105
6359 -105
6360 -105
6361 -105
6362 -105
6363 -105
6364 -105
6365 -105
6366 -105
6367 -105
6368 -105
6369 -105
6370 -105
6371 -105
6372 -105
6373 -105
6374 -105
6375 -105
6376 -105
6377 -105
6378 -105
6379 -105
6380 -105
6381 -105
6382 -105
6383 -105
6384 -105
6385 -105
6386 -105
6387 -105
6388 -105
6389 -105
6390 -105
6391 -105
6392 -105
6393 -105
6394 -105
6395 -105
6396 -105
6397 -105
6398 -105
6399 -105
6400 -105
6401 -105
6402 -105
6403 -105
6404 -105
6405 -105
6406 -105
6407 -105
6408 -105
6409 -105
6410 -105
6411 -105
6412 -105
6413 -105
6414 -105
6415 -105
6416 -105
6417 -105
6418 -105
6419 -105
6420 -105
6421 -105
6422 -105
6423 -105
6424 -105
6425 -105
6426 -105
6427 -105
6428 -105
6429 -105
6430 -105
6431 -105
6432 -105
6433 -105
6434 -105
6435 -105
6436 -105
6437 -105
6438 -105
6439 -105
6440 -105
6441 -105
6442 -105
6443 -105
6444 -105
6445 -105
6446 -105
6447 -105
6448 -105
6449 -105
6450 -105
6451 -105
6452 -105
6453 -105
6454 -105
6455 -105
6456 -105
6457 -105
6458 -105
6459 -105
6460 -105
6461 -105
6462 -105
6463 -105
6464 -105
6465 -105
6466 -105
6467 -105
6468 -105
6469 -105
6470 -105
6471 -105
6472 -105
6473 -105
6474 -105
6475 -105
6476 -105
6477 -105
6478 -105
6479 -105
6480 -105
6481 -105
6482 -105
6483 -105
6484 -105
6485 -105
6486 -105
6487 -105
6488 -105
6489 -105
6490 -105
6491 -105
6492 -105
6493 -105
6494 -105
6495 -105
6496 -105
6497 -105
6498 -105
6499 -105
6500 -105
6501 -105
6502 -105
6503 -105
6504 -105
6505 -105
6506 -105
6507 -105
6508 -105
6509 -105
6510 -105
6511 -105
6512 -105
6513 -105
6514 -105
6515 -105
6516 -105
6517 -105
6518 -105
6519 -105
6520 -105
6521 -105
6522 -105
6523 -105
6524 -105
6525 -105
6526 -105
6527 -105
6528 -105
6529 -105
6530 -105
6531 -105
6532 -105
6533 -105
6534 -105
6535 -105
6536 -105
6537 -105
6538 -105
6539 -105
6540 -105
6541 -105
6542 -105
6543 -105
6544 -105
6545 -105
6546 -105
6547 -105
6548 -105
6549 -105
6550 -105
6551 -105
6552 -105
6553 -105
6554 -105
6555 -105
6556 -105
6557 -105
6558 -105
6559 -105
6560 -105
6561 -105
6562 -105
6563 -105
6564 -105
6565 -105
6566 -105
6567 -105
6568 -105
6569 -105
6570 -105
6571 -105
6572 -105
6573 -105
6574 -105
6575 -105
6576 -105
6577 -105
6578 -105
6579 -105
6580 -105
6581 -105
6582 -105
6583 -105
6584 -105
6585 -105
6586 -105
6587 -105
6588 -105
6589 -105
6590 -105
6591 -105
6592 -105
6593 -105
6594 -105
6595 -105
6596 -105
6597 -105
6598 -105
6599 -105
6600 -105
6601 -105
6602 -105
6603 -105
6604 -105
6605 -105
6606 -105
6607 -105
6608 -105
6609 -105
6610 -105
6611 -105
6612 -105
6613 -105
6614 -105
6615 -105
6616 -105
6617 -105
6618 -105
6619 -105
6620 -105
6621 -105
6622 -105
6623 -105
6624 -105
6625 -105
6626 -105
6627 -105
6628 -105
6629 -105
6630 -105
6631 -105
6632 -105
6633 -105
6634 -105
6635 -105
6636 -105
6637 -105
6638 -105
6639 -105
6640 -105
6641 -105
6642 -105
6643 -105
6644 -105
6645 -105
6646 -105
6647 -105
6648 -105
6649 -105
6650 -105
6651 -105
6652 -105
6653 -105
6654 -105
6655 -105
6656 -105
6657 -105
6658 -105
6659 -105
6660 -105
6661 -105
6662 -105
6663 -105
6664 -105
6665 -105
6666 -105
6667 -105
6668 -105
6669 -105
6670 -105
6671 -105
6672 -105
6673 -105
6674 -105
6675 -105
6676 -105
6677 -105
6678 -105
6679 -105
6680 -105
6681 -105
6682 -105
6683 -105
6684 -105
6685 -105
6686 -105
6687 -105
6688 -105
6689 -105
6690 -105
6691 -105
6692 -105
6693 -105
6694 -105
6695 -105
6696 -105
6697 -105
6698 -105
6699 -105
6700 -105
6701 -105
6702 -105
6703 -105
6704 -105
6705 -105
6706 -105
6707 -105
6708 -105
6709 -105
6710 -105
6711 -105
6712 -105
6713 -105
6714 -105
6715 -105
6716 -105
6717 -105
6718 -105
6719 -105
6720 -105
6721 -105
6722 -105
6723 -105
6724 -105
6725 -105
6726 -105
6727 -105
6728 -105
6729 -105
6730 -105
6731 -105
6732 -105
6733 -105
6734 -105
6735 -105
6736 -105
6737 -105
6738 -105
6739 -105
6740 -105
6741 -105
6742 -105
6743 -105
6744 -105
6745 -105
6746 -105
6747 -105
6748 -105
6749 -105
6750 -105
6751 -105
6752 -105
6753 -105
6754 -105
6755 -105
6756 -105
6757 -105
6758 -105
6759 -105
6760 -105
6761 -105
6762 -105
6763 -105
6764 -105
6765 -105
6766 -105
6767 -105
6768 -105
6769 -105
6770 -105
6771 -105
6772 -105
6773 -105
6774 -105
6775 -105
6776 -105
6777 -105
6778 -105
6779 -105
6780 -105
6781 -105
6782 -105
6783 -105
6784 -105
6785 -105
6786 -105
6787 -105
6788 -105
6789 -105
6790 -105
6791 -105
6792 -105
6793 -105
6794 -105
6795 -105
6796 -105
6797 -105
6798 -105
6799 -105
6800 -105
6801 -105
6802 -105
6803 -105
6804 -105
6805 -105
6806 -105
6807 -105
6808 -105
6809 -105
6810 -105
6811 -105
6812 -105
6813 -105
6814 -105
6815 -105
6816 -105
6817 -105
6818 -105
6819 -105
6820 -105
6821 -105
6822 -105
6823 -105
6824 -105
6825 -105
6826 -105
6827 -105
6828 -105
6829 -105
6830 -105
6831 -105
6832 -105
6833 -105
6834 -105
6835 -105
6836 -105
6837 -105
6838 -105
6839 -105
6840 -105
6841 -105
6842 -105
6843 -105
6844 -105
6845 -105
6846 -105
6847 -105
6848 -105
6849 -105
6850 -105
6851 -105
6852 -105
6853 -105
6854 -105
6855 -105
6856 -105
6857 -105
6858 -105
6859 -105
6860 -105
6861 -105
6862 -105
6863 -105
6864 -105
6865 -105
6866 -105
6867 -105
6868 -105
6869 -105
6870 -105
6871 -105
6872 -105
6873 -105
6874 -105
6875 -105
6876 -105
6877 -105
6878 -105
6879 -105
6880 -106
6881 -107
6882 -107
6883 -107
6884 -107
6885 -107
6886 -107
6887 -107
6888 -107
6889 -107
6890 -107
6891 -107
6892 -107
6893 -107
6894 -107
6895 -107
6896 -107
6897 -107
6898 -107
6899 -107
6900 -107
6901 -107
6902 -107
6903 -107
6904 -107
6905 -107
6906 -107
6907 -107
6908 -107
6909 -107
6910 -107
6911 -107
6912 -107
6913 -107
6914 -107
6915 -107
6916 -107
6917 -107
6918 -107
6919 -107
6920 -107
6921 -107
6922 -107
6923 -107
6924 -107
6925 -107
6926 -107
6927 -107
6928 -107
6929 -107
6930 -107
6931 -107
6932 -107
6933 -107
6934 -107
6935 -107
6936 -107
6937 -107
6938 -107
6939 -107
6940 -107
6941 -107
6942 -107
6943 -107
6944 -107
6945 -107
6946 -107
6947 -107
6948 -107
6949 -107
6950 -107
6951 -107
6952 -107
6953 -107
6954 -107
6955 -107
6956 -107
6957 -107
6958 -107
6959 -107
6960 -107
6961 -107
6962 -107
6963 -107
6964 -107
6965 -107
6966 -107
6967 -107
6968 -107
6969 -107
6970 -107
6971 -107
6972 -107
6973 -107
6974 -107
6975 -107
6976 -107
6977 -107
6978 -107
6979 -107
6980 -107
6981 -107
6982 -107
6983 -107
6984 -107
6985 -107
6986 -107
6987 -107
6988 -107
6989 -107
6990 -107
6991 -107
6992 -107
6993 -107
6994 -107
6995 -107
6996 -107
6997 -107
6998 -107
6999 -107
7000 -107
7001 -107
7002 -107
7003 -107
7004 -107
7005 -107
7006 -107
7007 -107
7008 -107
7009 -107
7010 -107
7011 -107
7012 -107
7013 -107
7014 -107
7015 -107
7016 -107
7017 -107
7018 -107
7019 -107
7020 -107
7021 -107
7022 -107
7023 -107
7024 -107
7025 -107
7026 -107
7027 -107
7028 -107
7029 -107
7030 -107
7031 -107
7032 -107
7033 -107
7034 -107
7035 -107
7036 -107
7037 -107
7038 -107
7039 -107
7040 -107
7041 -107
7042 -107
7043 -107
7044 -107
7045 -107
7046 -107
7047 -107
7048 -107
7049 -107
7050 -107
7051 -107
7052 -107
7053 -107
7054 -107
7055 -107
7056 -108
7057 -108
7058 -108
7059 -108
7060 -108
7061 -108
7062 -108
7063 -108
7064 -108
7065 -109
7066 -109
7067 -109
7068 -110
7069 -111
7070 -112
7071 -113
7072 -114
7073 -115
7074 -115
7075 -115
7076 -115
7077 -115
7078 -116
7079 -117
7080 -117
7081 -117
7082 -118
7083 -119
7084 -120
7085 -120
7086 -120
7087 -120
7088 -120
7089 -120
7090 -120
7091 -120
7092 -120
7093 -120
7094 -120
7095 -120
7096 -120
7097 -120
7098 -120
7099 -121
7100 -122
7101 -122
7102 -122
7103 -122
7104 -122
7105 -122
7106 -122
7107 -122
7108 -122
7109 -122
7110 -122
7111 -123
7112 -123
7113 -123
7114 -123
7115 -123
7116 -123
7117 -123
7118 -123
7119 -123
7120 -123
7121 -123
7122 -123
7123 -123
7124 -123
7125 -123
7126 -123
7127 -123
7128 -123
7129 -123
7130 -123
7131 -123
7132 -123
7133 -123
7134 -123
7135 -123
7136 -123
7137 -123
7138 -123
7139 -123
7140 -123
7141 -123
7142 -123
7143 -123
7144 -123
7145 -123
7146 -123
7147 -123
7148 -123
7149 -123
7150 -123
7151 -123
7152 -123
7153 -123
7154 -123
7155 -123
7156 -123
7157 -123
7158 -123
7159 -123
7160 -123
7161 -123
7162 -123
7163 -123
7164 -123
7165 -123
7166 -123
7167 -123
7168 -123
7169 -123
7170 -123
7171 -123
7172 -123
7173 -123
7174 -123
7175 -123
7176 -123
7177 -123
7178 -123
7179 -123
7180 -123
7181 -123
7182 -123
7183 -123
7184 -123
7185 -123
7186 -123
7187 -123
7188 -123
7189 -123
7190 -123
7191 -123
7192 -123
7193 -123
7194 -123
7195 -123
7196 -123
7197 -123
7198 -123
7199 -123
7200 -123
7201 -123
7202 -123
7203 -123
7204 -123
7205 -123
7206 -123
7207 -123
7208 -123
7209 -123
7210 -123
7211 -123
7212 -123
7213 -123
7214 -123
7215 -123
7216 -123
7217 -123
7218 -123
7219 -123
7220 -123
7221 -123
7222 -123
7223 -123
7224 -123
7225 -123
7226 -123
7227 -123
7228 -123
7229 -123
7230 -123
7231 -123
7232 -123
7233 -123
7234 -123
7235 -123
7236 -123
7237 -123
7238 -123
7239 -123
7240 -123
7241 -123
7242 -123
7243 -123
7244 -123
7245 -123
7246 -123
7247 -123
7248 -123
7249 -123
7250 -123
7251 -123
7252 -123
7253 -123
7254 -123
7255 -123
7256 -123
7257 -123
7258 -123
7259 -123
7260 -123
7261 -123
7262 -123
7263 -123
7264 -123
7265 -123
7266 -123
7267 -123
7268 -123
7269 -123
7270 -123
7271 -123
7272 -123
7273 -123
7274 -123
7275 -123
7276 -123
7277 -123
7278 -123
7279 -123
7280 -123
7281 -123
7282 -123
7283 -123
7284 -123
7285 -123
7286 -123
7287 -123
7288 -123
7289 -123
7290 -123
7291 -123
7292 -123
7293 -123
7294 -123
7295 -123
7296 -123
7297 -123
7298 -123
7299 -123
7300 -123
7301 -123
7302 -123
7303 -123
7304 -123
7305 -123
7306 -123
7307 -123
7308 -123
7309 -123
7310 -123
7311 -123
7312 -123
7313 -123
7314 -123
7315 -123
7316 -123
7317 -123
7318 -123
7319 -123
7320 -123
7321 -123
7322 -123
7323 -123
7324 -123
7325 -123
7326 -123
7327 -123
7328 -123
7329 -123
7330 -123
7331 -123
7332 -123
7333 -123
7334 -123
7335 -123
7336 -123
7337 -123
7338 -123
7339 -123
7340 -123
7341 -123
7342 -123
7343 -123
7344 -123
7345 -123
7346 -123
7347 -123
7348 -123
7349 -123
7350 -123
7351 -123
7352 -123
7353 -123
7354 -123
7355 -123
7356 -123
7357 -123
7358 -123
7359 -123
7360 -123
7361 -123
7362 -123
7363 -123
7364 -123
7365 -123
7366 -123
7367 -123
7368 -123
7369 -123
7370 -123
7371 -123
7372 -123
7373 -123
7374 -123
7375 -123
7376 -123
7377 -123
7378 -123
7379 -123
7380 -123
7381 -123
7382 -123
7383 -123
7384 -123
7385 -123
7386 -123
7387 -123
7388 -123
7389 -123
7390 -123
7391 -123
7392 -123
7393 -123
7394 -123
7395 -123
7396 -123
7397 -123
7398 -123
7399 -123
7400 -123
7401 -123
7402 -123
7403 -123
7404 -123
7405 -123
7406 -123
7407 -123
7408 -123
7409 -123
7410 -123
7411 -123
7412 -123
7413 -123
7414 -123
7415 -123
7416 -123
7417 -123
7418 -123
7419 -123
7420 -123
7421 -123
7422 -123
7423 -123
7424 -123
7425 -123
7426 -123
7427 -123
7428 -123
7429 -123
7430 -123
7431 -123
7432 -123
7433 -123
7434 -123
7435 -123
7436 -123
7437 -123
7438 -123
7439 -123
7440 -123
7441 -123
7442 -123
7443 -123
7444 -123
7445 -123
7446 -123
7447 -123
7448 -123
7449 -123
7450 -123
7451 -123
7452 -123
7453 -123
7454 -123
7455 -123
7456 -123
7457 -123
7458 -123
7459 -123
7460 -123
7461 -123
7462 -123
7463 -123
7464 -123
7465 -123
7466 -123
7467 -123
7468 -123
7469 -123
7470 -123
7471 -123
7472 -123
7473 -123
7474 -123
7475 -123
7476 -123
7477 -123
7478 -123
7479 -123
7480 -123
7481 -123
7482 -123
7483 -123
7484 -123
7485 -123
7486 -123
7487 -123
7488 -123
7489 -123
7490 -123
7491 -123
7492 -123
7493 -123
7494 -123
7495 -123
7496 -123
7497 -123
7498 -123
7499 -123
7500 -123
7501 -123
7502 -123
7503 -123
7504 -123
7505 -123
7506 -123
7507 -123
7508 -123
7509 -123
7510 -123
7511 -123
7512 -123
7513 -123
7514 -123
7515 -123
7516 -123
7517 -123
7518 -123
7519 -123
7520 -123
7521 -123
7522 -123
7523 -123
7524 -123
7525 -123
7526 -123
7527 -123
7528 -123
7529 -123
7530 -123
7531 -123
7532 -123
7533 -123
7534 -123
7535 -123
7536 -123
7537 -123
7538 -123
7539 -123
7540 -123
7541 -123
7542 -123
7543 -123
7544 -123
7545 -123
7546 -123
7547 -123
7548 -123
7549 -123
7550 -123
7551 -123
7552 -123
7553 -123
7554 -123
7555 -123
7556 -123
7557 -123
7558 -123
7559 -123
7560 -123
7561 -123
7562 -123
7563 -123
7564 -123
7565 -123
7566 -123
7567 -123
7568 -123
7569 -123
7570 -123
7571 -123
7572 -123
7573 -123
7574 -123
7575 -123
7576 -123
7577 -123
7578 -123
7579 -123
7580 -123
7581 -123
7582 -123
7583 -123
7584 -123
7585 -123
7586 -123
7587 -123
7588 -123
7589 -123
7590 -123
7591 -123
7592 -123
7593 -123
7594 -123
7595 -123
7596 -123
7597 -123
7598 -123
7599 -123
7600 -123
7601 -123
7602 -123
7603 -123
7604 -123
7605 -123
7606 -123
7607 -123
7608 -123
7609 -123
7610 -123
7611 -123
7612 -123
7613 -123
7614 -123
7615 -123
7616 -123
7617 -123
7618 -123
7619 -123
7620 -123
7621 -123
7622 -123
7623 -123
7624 -123
7625 -123
7626 -123
7627 -123
7628 -123
7629 -123
7630 -123
7631 -123
7632 -123
7633 -123
7634 -123
7635 -123
7636 -123
7637 -123
7638 -123
7639 -123
7640 -123
7641 -123
7642 -123
7643 -123
7644 -123
7645 -123
7646 -123
7647 -123
7648 -123
7649 -123
7650 -123
7651 -123
7652 -123
7653 -123
7654 -123
7655 -123
7656 -123
7657 -123
7658 -123
7659 -123
7660 -123
7661 -123
7662 -123
7663 -123
7664 -123
7665 -123
7666 -123
7667 -123
7668 -123
7669 -123
7670 -123
7671 -123
7672 -123
7673 -123
7674 -123
7675 -123
7676 -123
7677 -123
7678 -123
7679 -123
7680 -123
7681 -123
7682 -123
7683 -123
7684 -123
7685 -123
7686 -123
7687 -123
7688 -123
7689 -123
7690 -123
7691 -123
7692 -123
7693 -123
7694 -123
7695 -123
7696 -123
7697 -123
7698 -123
7699 -123
7700 -123
7701 -123
7702 -123
7703 -123
7704 -123
7705 -123
7706 -123
7707 -123
7708 -123
7709 -123
7710 -123
7711 -123
7712 -123
7713 -123
7714 -123
7715 -123
7716 -123
7717 -123
7718 -123
7719 -123
7720 -123
7721 -123
7722 -123
7723 -123
7724 -123
7725 -123
7726 -123
7727 -123
7728 -123
7729 -123
7730 -123
7731 -123
7732 -123
7733 -123
7734 -123
7735 -123
7736 -123
7737 -123
7738 -123
7739 -123
7740 -123
7741 -123
7742 -123
7743 -123
7744 -123
7745 -123
7746 -123
7747 -123
7748 -123
7749 -123
7750 -123
7751 -123
7752 -123
7753 -123
7754 -123
7755 -123
7756 -123
7757 -123
7758 -123
7759 -123
7760 -123
7761 -123
7762 -123
7763 -123
7764 -123
7765 -123
7766 -123
7767 -123
7768 -123
7769 -123
7770 -123
7771 -123
7772 -123
7773 -123
7774 -123
7775 -123
7776 -123
7777 -123
7778 -123
7779 -123
7780 -123
7781 -123
7782 -123
7783 -123
7784 -123
7785 -123
7786 -123
7787 -123
7788 -123
7789 -123
7790 -123
7791 -123
7792 -123
7793 -123
7794 -123
7795 -123
7796 -123
7797 -123
7798 -123
7799 -123
7800 -123
7801 -123
7802 -123
7803 -123
7804 -123
7805 -123
7806 -123
7807 -123
7808 -123
7809 -123
7810 -123
7811 -123
7812 -123
7813 -123
7814 -123
7815 -123
7816 -123
7817 -123
7818 -123
7819 -123
7820 -123
7821 -123
7822 -123
7823 -123
7824 -123
7825 -123
7826 -123
7827 -123
7828 -123
7829 -123
7830 -123
7831 -123
7832 -123
7833 -123
7834 -123
7835 -123
7836 -123
7837 -123
7838 -123
7839 -123
7840 -123
7841 -123
7842 -123
7843 -123
7844 -123
7845 -123
7846 -123
7847 -123
7848 -123
7849 -123
7850 -123
7851 -123
7852 -123
7853 -123
7854 -123
7855 -123
7856 -123
7857 -123
7858 -123
7859 -123
7860 -123
7861 -123
7862 -123
7863 -123
7864 -123
7865 -123
7866 -123
7867 -123
7868 -123
7869 -123
7870 -123
7871 -123
7872 -123
7873 -123
7874 -123
7875 -123
7876 -123
7877 -123
7878 -123
7879 -123
7880 -123
7881 -123
7882 -123
7883 -123
7884 -123
7885 -123
7886 -123
7887 -123
7888 -123
7889 -123
7890 -123
7891 -123
7892 -123
7893 -123
7894 -123
7895 -123
7896 -123
7897 -123
7898 -123
7899 -123
7900 -123
7901 -123
7902 -123
7903 -123
7904 -123
7905 -123
7906 -123
7907 -123
7908 -123
7909 -123
7910 -123
7911 -123
7912 -123
7913 -123
7914 -123
7915 -123
7916 -123
7917 -123
7918 -123
7919 -123
7920 -123
7921 -123
7922 -123
7923 -123
7924 -123
7925 -123
7926 -123
7927 -123
7928 -123
7929 -123
7930 -123
7931 -123
7932 -123
7933 -123
7934 -123
7935 -123
7936 -123
7937 -123
7938 -123
7939 -123
7940 -123
7941 -123
7942 -123
7943 -123
7944 -123
7945 -123
7946 -123
7947 -123
7948 -123
7949 -123
7950 -123
7951 -123
7952 -123
7953 -123
7954 -123
7955 -123
7956 -123
7957 -123
7958 -123
7959 -123
7960 -123
7961 -123
7962 -123
7963 -123
7964 -123
7965 -123
7966 -123
7967 -123
7968 -123
7969 -123
7970 -123
7971 -123
7972 -123
7973 -123
7974 -123
7975 -123
7976 -123
7977 -123
7978 -123
7979 -123
7980 -123
7981 -123
7982 -123
7983 -123
7984 -123
7985 -123
7986 -123
7987 -123
7988 -123
7989 -123
7990 -123
7991 -123
7992 -123
7993 -123
7994 -123
7995 -123
7996 -123
7997 -123
7998 -123
7999 -123
8000 -123
8001 -123
8002 -123
8003 -123
8004 -123
8005 -123
8006 -123
8007 -123
8008 -123
8009 -123
8010 -123
8011 -123
8012 -123
8013 -123
8014 -123
8015 -123
8016 -123
8017 -123
8018 -123
8019 -123
8020 -123
8021 -123
8022 -123
8023 -123
8024 -123
8025 -123
8026 -123
8027 -123
8028 -123
8029 -123
8030 -123
8031 -123
8032 -123
8033 -123
8034 -123
8035 -123
8036 -123
8037 -123
8038 -123
8039 -123
8040 -123
8041 -123
8042 -123
8043 -123
8044 -123
8045 -123
8046 -123
8047 -123
8048 -123
8049 -123
8050 -123
8051 -123
8052 -123
8053 -123
8054 -123
8055 -123
8056 -123
8057 -123
8058 -123
8059 -123
8060 -123
8061 -123
8062 -123
8063 -123
8064 -123
8065 -123
8066 -123
8067 -123
8068 -123
8069 -123
8070 -123
8071 -123
8072 -123
8073 -123
8074 -123
8075 -123
8076 -123
8077 -123
8078 -123
8079 -123
8080 -123
8081 -123
8082 -123
8083 -123
8084 -123
8085 -123
8086 -123
8087 -123
8088 -123
8089 -123
8090 -123
8091 -123
8092 -123
8093 -123
8094 -123
8095 -123
8096 -123
8097 -123
8098 -123
8099 -123
8100 -123
8101 -123
8102 -123
8103 -123
8104 -123
8105 -123
8106 -123
8107 -123
8108 -123
8109 -123
8110 -123
8111 -123
8112 -123
8113 -123
8114 -123
8115 -123
8116 -123
8117 -123
8118 -123
8119 -123
8120 -123
8121 -123
8122 -123
8123 -123
8124 -123
8125 -123
8126 -123
8127 -123
8128 -123
8129 -123
8130 -123
8131 -123
8132 -123
8133 -123
8134 -123
8135 -123
8136 -123
8137 -123
8138 -123
8139 -123
8140 -123
8141 -123
8142 -123
8143 -123
8144 -123
8145 -123
8146 -123
8147 -123
8148 -123
8149 -123
8150 -123
8151 -123
8152 -123
8153 -123
8154 -123
8155 -123
8156 -123
8157 -123
8158 -123
8159 -123
8160 -123
8161 -123
8162 -123
8163 -123
8164 -123
8165 -123
8166 -123
8167 -123
8168 -123
8169 -123
8170 -123
8171 -123
8172 -123
8173 -123
8174 -123
8175 -123
8176 -123
8177 -123
8178 -123
8179 -123
8180 -123
8181 -123
8182 -123
8183 -123
8184 -123
8185 -123
8186 -123
8187 -123
8188 -123
8189 -123
8190 -123
8191 -123
8192 -123
8193 -123
8194 -123
8195 -123
8196 -123
8197 -123
8198 -123
8199 -123
8200 -123
8201 -123
8202 -123
8203 -123
8204 -123
8205 -123
8206 -123
8207 -123
8208 -123
8209 -123
8210 -123
8211 -123
8212 -123
8213 -123
8214 -123
8215 -123
8216 -123
8217 -123
8218 -123
8219 -123
8220 -123
8221 -123
8222 -123
8223 -123
8224 -123
8225 -123
8226 -123
8227 -123
8228 -123
8229 -123
8230 -123
8231 -123
8232 -123
8233 -123
8234 -123
8235 -123
8236 -123
8237 -123
8238 -123
8239 -123
8240 -123
8241 -123
8242 -123
8243 -123
8244 -123
8245 -123
8246 -123
8247 -123
8248 -123
8249 -123
8250 -123
8251 -123
8252 -123
8253 -123
8254 -123
8255 -123
8256 -123
8257 -123
8258 -123
8259 -123
8260 -123
8261 -123
8262 -123
8263 -123
8264 -123
8265 -123
8266 -123
8267 -123
8268 -123
8269 -123
8270 -123
8271 -123
8272 -123
8273 -123
8274 -123
8275 -123
8276 -123
8277 -123
8278 -123
8279 -123
8280 -123
8281 -123
8282 -123
8283 -123
8284 -123
8285 -123
8286 -123
8287 -123
8288 -123
8289 -123
8290 -123
8291 -123
8292 -123
8293 -123
8294 -123
8295 -123
8296 -123
8297 -123
8298 -123
8299 -123
8300 -123
8301 -123
8302 -123
8303 -123
8304 -123
8305 -123
8306 -123
8307 -123
8308 -123
8309 -123
8310 -123
8311 -123
8312 -123
8313 -123
8314 -123
8315 -123
8316 -123
8317 -123
8318 -123
8319 -123
8320 -123
8321 -123
8322 -123
8323 -123
8324 -123
8325 -123
8326 -123
8327 -123
8328 -123
8329 -123
8330 -123
8331 -123
8332 -123
8333 -123
8334 -123
8335 -123
8336 -123
8337 -123
8338 -123
8339 -123
8340 -123
8341 -123
8342 -123
8343 -123
8344 -123
8345 -123
8346 -123
8347 -123
8348 -123
8349 -123
8350 -123
8351 -123
8352 -123
8353 -123
8354 -123
8355 -123
8356 -123
8357 -123
8358 -123
8359 -123
8360 -123
8361 -123
8362 -123
8363 -123
8364 -123
8365 -123
8366 -123
8367 -123
8368 -123
8369 -123
8370 -123
8371 -123
8372 -123
8373 -123
8374 -123
8375 -123
8376 -123
8377 -123
8378 -123
8379 -123
8380 -123
8381 -123
8382 -123
8383 -123
8384 -123
8385 -123
8386 -123
8387 -123
8388 -123
8389 -123
8390 -123
8391 -123
8392 -123
8393 -123
8394 -123
8395 -123
8396 -123
8397 -123
8398 -123
8399 -123
8400 -123
8401 -123
8402 -123
8403 -123
8404 -123
8405 -123
8406 -123
8407 -123
8408 -123
8409 -123
8410 -123
8411 -123
8412 -123
8413 -123
8414 -123
8415 -123
8416 -123
8417 -123
8418 -123
8419 -123
8420 -123
8421 -123
8422 -123
8423 -123
8424 -123
8425 -123
8426 -123
8427 -123
8428 -123
8429 -123
8430 -123
8431 -123
8432 -123
8433 -123
8434 -123
8435 -123
8436 -123
8437 -123
8438 -123
8439 -123
8440 -123
8441 -123
8442 -123
8443 -123
8444 -123
8445 -123
8446 -123
8447 -123
8448 -123
8449 -123
8450 -123
8451 -123
8452 -123
8453 -123
8454 -123
8455 -123
8456 -123
8457 -123
8458 -123
8459 -123
8460 -123
8461 -123
8462 -123
8463 -123
8464 -123
8465 -123
8466 -123
8467 -123
8468 -123
8469 -123
8470 -123
8471 -123
8472 -123
8473 -123
8474 -123
8475 -123
8476 -123
8477 -123
8478 -123
8479 -123
8480 -123
8481 -123
8482 -123
8483 -123
8484 -123
8485 -123
8486 -123
8487 -123
8488 -123
8489 -123
8490 -123
8491 -123
8492 -123
8493 -123
8494 -123
8495 -123
8496 -123
8497 -123
8498 -123
8499 -123
8500 -123
8501 -123
8502 -123
8503 -123
8504 -123
8505 -123
8506 -123
8507 -123
8508 -123
8509 -123
8510 -123
8511 -123
8512 -123
8513 -123
8514 -123
8515 -123
8516 -123
8517 -123
8518 -123
8519 -123
8520 -123
8521 -123
8522 -123
8523 -123
8524 -123
8525 -123
8526 -123
8527 -123
8528 -123
8529 -123
8530 -123
8531 -123
8532 -123
8533 -123
8534 -123
8535 -123
8536 -123
8537 -123
8538 -123
8539 -123
8540 -123
8541 -123
8542 -123
8543 -123
8544 -123
8545 -123
8546 -123
8547 -123
8548 -123
8549 -123
8550 -123
8551 -123
8552 -123
8553 -123
8554 -123
8555 -123
8556 -123
8557 -123
8558 -123
8559 -123
8560 -123
8561 -123
8562 -123
8563 -123
8564 -123
8565 -123
8566 -123
8567 -123
8568 -123
8569 -123
8570 -123
8571 -123
8572 -123
8573 -123
8574 -123
8575 -123
8576 -123
8577 -123
8578 -123
8579 -123
8580 -123
8581 -123
8582 -123
8583 -123
8584 -123
8585 -123
8586 -123
8587 -123
8588 -123
8589 -123
8590 -123
8591 -123
8592 -123
8593 -123
8594 -123
8595 -123
8596 -123
8597 -123
8598 -123
8599 -123
8600 -123
8601 -123
8602 -123
8603 -123
8604 -123
8605 -123
8606 -123
8607 -123
8608 -123
8609 -123
8610 -123
8611 -123
8612 -123
8613 -123
8614 -123
8615 -123
8616 -123
8617 -123
8618 -123
8619 -123
8620 -123
8621 -123
8622 -123
8623 -123
8624 -123
8625 -123
8626 -123
8627 -123
8628 -123
8629 -123
8630 -123
8631 -123
8632 -123
8633 -123
8634 -123
8635 -123
8636 -123
8637 -123
8638 -123
8639 -123
8640 -123
8641 -123
8642 -123
8643 -123
8644 -123
8645 -123
8646 -123
8647 -123
8648 -123
8649 -123
8650 -123
8651 -123
8652 -123
8653 -123
8654 -123
8655 -123
8656 -123
8657 -123
8658 -123
8659 -123
8660 -123
8661 -123
8662 -123
8663 -123
8664 -123
8665 -123
8666 -123
8667 -123
8668 -123
8669 -123
8670 -123
8671 -123
8672 -123
8673 -123
8674 -123
8675 -123
8676 -123
8677 -123
8678 -123
8679 -123
8680 -123
8681 -123
8682 -123
8683 -123
8684 -123
8685 -123
8686 -123
8687 -123
8688 -123
8689 -123
8690 -123
8691 -123
8692 -123
8693 -123
8694 -123
8695 -123
8696 -123
8697 -123
8698 -123
8699 -123
8700 -123
8701 -123
8702 -123
8703 -123
8704 -123
8705 -123
8706 -123
8707 -123
8708 -123
8709 -123
8710 -123
8711 -123
8712 -123
8713 -123
8714 -123
8715 -123
8716 -123
8717 -123
8718 -123
8719 -123
8720 -123
8721 -123
8722 -123
8723 -123
8724 -123
8725 -123
8726 -123
8727 -123
8728 -123
8729 -123
8730 -123
8731 -123
8732 -123
8733 -123
8734 -123
8735 -123
8736 -123
8737 -123
8738 -123
8739 -123
8740 -123
8741 -123
8742 -123
8743 -123
8744 -123
8745 -123
8746 -123
8747 -123
8748 -123
8749 -123
8750 -123
8751 -123
8752 -123
8753 -123
8754 -123
8755 -123
8756 -123
8757 -123
8758 -123
8759 -123
8760 -123
8761 -123
8762 -123
8763 -123
8764 -123
8765 -123
8766 -123
8767 -123
8768 -123
8769 -123
8770 -123
8771 -123
8772 -123
8773 -123
8774 -123
8775 -123
8776 -123
8777 -123
8778 -123
8779 -123
8780 -123
8781 -123
8782 -123
8783 -123
8784 -123
8785 -123
8786 -123
8787 -123
8788 -123
8789 -123
8790 -123
8791 -123
8792 -123
8793 -123
8794 -123
8795 -123
8796 -123
8797 -123
8798 -123
8799 -123
8800 -123
8801 -123
8802 -123
8803 -123
8804 -123
8805 -123
8806 -123
8807 -123
8808 -123
8809 -123
8810 -123
8811 -123
8812 -123
8813 -123
8814 -123
8815 -123
8816 -123
8817 -123
8818 -123
8819 -123
8820 -123
8821 -123
8822 -123
8823 -123
8824 -123
8825 -123
8826 -123
8827 -123
8828 -123
8829 -123
8830 -123
8831 -123
8832 -123
8833 -123
8834 -123
8835 -123
8836 -123
8837 -123
8838 -123
8839 -123
8840 -123
8841 -123
8842 -123
8843 -123
8844 -123
8845 -123
8846 -123
8847 -123
8848 -123
8849 -123
8850 -123
8851 -123
8852 -123
8853 -123
8854 -123
8855 -123
8856 -123
8857 -123
8858 -123
8859 -123
8860 -123
8861 -123
8862 -123
8863 -123
8864 -123
8865 -123
8866 -123
8867 -123
8868 -123
8869 -123
8870 -123
8871 -123
8872 -123
8873 -123
8874 -123
8875 -123
8876 -123
8877 -123
8878 -123
8879 -123
8880 -123
8881 -123
8882 -123
8883 -123
8884 -123
8885 -123
8886 -123
8887 -123
8888 -123
8889 -123
8890 -123
8891 -123
8892 -123
8893 -123
8894 -123
8895 -123
8896 -123
8897 -123
8898 -123
8899 -123
8900 -123
8901 -123
8902 -123
8903 -123
8904 -123
8905 -123
8906 -123
8907 -123
8908 -123
8909 -123
8910 -123
8911 -123
8912 -123
8913 -123
8914 -123
8915 -123
8916 -123
8917 -123
8918 -123
8919 -123
8920 -123
8921 -123
8922 -123
8923 -123
8924 -123
8925 -123
8926 -123
8927 -123
8928 -123
8929 -123
8930 -123
8931 -123
8932 -123
8933 -123
8934 -123
8935 -123
8936 -123
8937 -123
8938 -123
8939 -123
8940 -123
8941 -123
8942 -123
8943 -123
8944 -123
8945 -123
8946 -123
8947 -123
8948 -123
8949 -123
8950 -123
8951 -123
8952 -123
8953 -123
8954 -123
8955 -123
8956 -123
8957 -123
8958 -123
8959 -123
8960 -123
8961 -123
8962 -123
8963 -123
8964 -123
8965 -123
8966 -123
8967 -123
8968 -123
8969 -123
8970 -123
8971 -123
8972 -123
8973 -123
8974 -123
8975 -123
8976 -123
8977 -123
8978 -123
8979 -123
8980 -123
8981 -123
8982 -123
8983 -123
8984 -123
8985 -123
8986 -123
8987 -123
8988 -123
8989 -123
8990 -123
8991 -123
8992 -123
8993 -123
8994 -123
8995 -123
8996 -123
8997 -123
8998 -123
8999 -123
9000 -123
9001 -123
9002 -123
9003 -123
9004 -123
9005 -123
9006 -123
9007 -123
9008 -123
9009 -123
9010 -123
9011 -123
9012 -123
9013 -123
9014 -123
9015 -123
9016 -123
9017 -123
9018 -123
9019 -123
9020 -123
9021 -123
9022 -123
9023 -123
9024 -123
9025 -123
9026 -123
9027 -123
9028 -123
9029 -123
9030 -123
9031 -123
9032 -123
9033 -123
9034 -123
9035 -123
9036 -123
9037 -123
9038 -123
9039 -123
9040 -123
9041 -123
9042 -123
9043 -123
9044 -123
9045 -123
9046 -123
9047 -123
9048 -123
9049 -123
9050 -123
9051 -123
9052 -123
9053 -123
9054 -123
9055 -123
9056 -123
9057 -123
9058 -123
9059 -123
9060 -123
9061 -123
9062 -123
9063 -123
9064 -123
9065 -123
9066 -123
9067 -123
9068 -123
9069 -123
9070 -123
9071 -123
9072 -123
9073 -123
9074 -123
9075 -123
9076 -123
9077 -123
9078 -123
9079 -123
9080 -123
9081 -123
9082 -123
9083 -123
9084 -123
9085 -123
9086 -123
9087 -123
9088 -123
9089 -123
9090 -123
9091 -123
9092 -123
9093 -123
9094 -123
9095 -123
9096 -123
9097 -123
9098 -123
9099 -123
9100 -123
9101 -123
9102 -123
9103 -123
9104 -123
9105 -123
9106 -123
9107 -123
9108 -123
9109 -123
9110 -123
9111 -123
9112 -123
9113 -123
9114 -123
9115 -123
9116 -123
9117 -123
9118 -123
9119 -123
9120 -123
9121 -123
9122 -123
9123 -123
9124 -123
9125 -123
9126 -123
9127 -123
9128 -123
9129 -123
9130 -123
9131 -123
9132 -123
9133 -123
9134 -123
9135 -123
9136 -123
9137 -123
9138 -123
9139 -123
9140 -123
9141 -123
9142 -123
9143 -123
9144 -123
9145 -123
9146 -123
9147 -123
9148 -123
9149 -123
9150 -123
9151 -123
9152 -123
9153 -123
9154 -123
9155 -123
9156 -123
9157 -123
9158 -123
9159 -123
9160 -123
9161 -123
9162 -123
9163 -123
9164 -123
9165 -123
9166 -123
9167 -123
9168 -123
9169 -123
9170 -123
9171 -123
9172 -123
9173 -123
9174 -123
9175 -123
9176 -123
9177 -123
9178 -123
9179 -123
9180 -123
9181 -123
9182 -123
9183 -123
9184 -123
9185 -123
9186 -123
9187 -123
9188 -123
9189 -123
9190 -123
9191 -123
9192 -123
9193 -123
9194 -123
9195 -123
9196 -123
9197 -123
9198 -123
9199 -123
9200 -123
9201 -123
9202 -123
9203 -123
9204 -123
9205 -123
9206 -123
9207 -123
9208 -123
9209 -123
9210 -123
9211 -123
9212 -123
9213 -123
9214 -123
9215 -123
9216 -123
9217 -123
9218 -123
9219 -123
9220 -123
9221 -123
9222 -123
9223 -123
9224 -123
9225 -123
9226 -123
9227 -123
9228 -123
9229 -123
9230 -123
9231 -123
9232 -123
9233 -123
9234 -123
9235 -123
9236 -123
9237 -123
9238 -123
9239 -123
9240 -123
9241 -123
9242 -123
9243 -123
9244 -123
9245 -123
9246 -123
9247 -123
9248 -123
9249 -123
9250 -123
9251 -123
9252 -123
9253 -123
9254 -123
9255 -123
9256 -123
9257 -123
9258 -123
9259 -123
9260 -123
9261 -123
9262 -123
9263 -123
9264 -123
9265 -123
9266 -123
9267 -123
9268 -123
9269 -123
9270 -123
9271 -123
9272 -123
9273 -123
9274 -123
9275 -123
9276 -123
9277 -123
9278 -123
9279 -123
9280 -123
9281 -123
9282 -123
9283 -123
9284 -123
9285 -123
9286 -123
9287 -123
9288 -123
9289 -123
9290 -123
9291 -123
9292 -123
9293 -123
9294 -123
9295 -123
9296 -123
9297 -123
9298 -123
9299 -123
9300 -123
9301 -123
9302 -123
9303 -123
9304 -123
9305 -123
9306 -123
9307 -123
9308 -123
9309 -123
9310 -123
9311 -123
9312 -123
9313 -123
9314 -123
9315 -123
9316 -123
9317 -123
9318 -123
9319 -123
9320 -123
9321 -123
9322 -123
9323 -123
9324 -123
9325 -123
9326 -123
9327 -123
9328 -123
9329 -123
9330 -123
9331 -123
9332 -123
9333 -123
9334 -123
9335 -123
9336 -123
9337 -123
9338 -123
9339 -123
9340 -123
9341 -123
9342 -123
9343 -123
9344 -123
9345 -123
9346 -123
9347 -123
9348 -123
9349 -123
9350 -123
9351 -123
9352 -123
9353 -123
9354 -123
9355 -123
9356 -123
9357 -123
9358 -123
9359 -123
9360 -123
9361 -123
9362 -123
9363 -123
9364 -123
9365 -123
9366 -123
9367 -123
9368 -123
9369 -123
9370 -123
9371 -123
9372 -123
9373 -123
9374 -123
9375 -123
9376 -123
9377 -123
9378 -123
9379 -123
9380 -123
9381 -123
9382 -123
9383 -123
9384 -123
9385 -123
9386 -123
9387 -123
9388 -123
9389 -123
9390 -123
9391 -123
9392 -123
9393 -123
9394 -123
9395 -123
9396 -123
9397 -123
9398 -123
9399 -123
9400 -123
9401 -123
9402 -123
9403 -123
9404 -123
9405 -123
9406 -123
9407 -123
9408 -123
9409 -123
9410 -123
9411 -123
9412 -123
9413 -123
9414 -123
9415 -123
9416 -123
9417 -123
9418 -123
9419 -123
9420 -123
9421 -123
9422 -123
9423 -123
9424 -123
9425 -123
9426 -123
9427 -123
9428 -123
9429 -123
9430 -123
9431 -123
9432 -123
9433 -123
9434 -123
9435 -123
9436 -123
9437 -123
9438 -123
9439 -123
9440 -123
9441 -123
9442 -123
9443 -123
9444 -123
9445 -123
9446 -123
9447 -123
9448 -123
9449 -123
9450 -123
9451 -123
9452 -123
9453 -123
9454 -123
9455 -123
9456 -123
9457 -123
9458 -123
9459 -123
9460 -123
9461 -123
9462 -123
9463 -123
9464 -123
9465 -123
9466 -123
9467 -123
9468 -123
9469 -123
9470 -123
9471 -123
9472 -123
9473 -123
9474 -123
9475 -123
9476 -123
9477 -123
9478 -123
9479 -123
9480 -123
9481 -123
9482 -123
9483 -123
9484 -123
9485 -123
9486 -123
9487 -123
9488 -123
9489 -123
9490 -123
9491 -123
9492 -123
9493 -123
9494 -123
9495 -123
9496 -123
9497 -123
9498 -123
9499 -123
9500 -123
9501 -123
9502 -123
9503 -123
9504 -123
9505 -123
9506 -123
9507 -123
9508 -123
9509 -123
9510 -123
9511 -123
9512 -123
9513 -123
9514 -123
9515 -123
9516 -123
9517 -123
9518 -123
9519 -123
9520 -123
9521 -123
9522 -123
9523 -123
9524 -123
9525 -123
9526 -123
9527 -123
9528 -123
9529 -123
9530 -123
9531 -123
9532 -123
9533 -123
9534 -123
9535 -123
9536 -123
9537 -123
9538 -123
9539 -123
9540 -123
9541 -123
9542 -123
9543 -123
9544 -123
9545 -123
9546 -123
9547 -123
9548 -123
9549 -123
9550 -123
9551 -123
9552 -123
9553 -123
9554 -123
9555 -123
9556 -123
9557 -123
9558 -123
9559 -123
9560 -123
9561 -123
9562 -123
9563 -123
9564 -123
9565 -123
9566 -123
9567 -123
9568 -123
9569 -123
9570 -123
9571 -123
9572 -123
9573 -123
9574 -123
9575 -123
9576 -123
9577 -123
9578 -123
9579 -123
9580 -123
9581 -123
9582 -123
9583 -123
9584 -123
9585 -123
9586 -123
9587 -123
9588 -123
9589 -123
9590 -123
9591 -123
9592 -123
9593 -123
9594 -123
9595 -123
9596 -123
9597 -123
9598 -123
9599 -123
9600 -123
9601 -123
9602 -123
9603 -123
9604 -123
9605 -123
9606 -123
9607 -123
9608 -123
9609 -123
9610 -123
9611 -123
9612 -123
9613 -123
9614 -123
9615 -123
9616 -123
9617 -123
9618 -123
9619 -123
9620 -123
9621 -123
9622 -123
9623 -123
9624 -123
9625 -123
9626 -123
9627 -123
9628 -123
9629 -123
9630 -123
9631 -123
9632 -123
9633 -123
9634 -123
9635 -123
9636 -123
9637 -123
9638 -123
9639 -123
9640 -123
9641 -123
9642 -123
9643 -123
9644 -123
9645 -123
9646 -123
9647 -123
9648 -123
9649 -123
9650 -123
9651 -123
9652 -123
9653 -123
9654 -123
9655 -123
9656 -123
9657 -123
9658 -123
9659 -123
9660 -123
9661 -123
9662 -123
9663 -123
9664 -123
9665 -123
9666 -123
9667 -123
9668 -123
9669 -123
9670 -123
9671 -123
9672 -123
9673 -123
9674 -123
9675 -123
9676 -123
9677 -123
9678 -123
9679 -123
9680 -123
9681 -123
9682 -123
9683 -123
9684 -123
9685 -123
9686 -123
9687 -123
9688 -123
9689 -123
9690 -123
9691 -123
9692 -123
9693 -123
9694 -123
9695 -123
9696 -123
9697 -123
9698 -123
9699 -123
9700 -123
9701 -123
9702 -123
9703 -123
9704 -123
9705 -123
9706 -123
9707 -123
9708 -123
9709 -123
9710 -123
9711 -123
9712 -123
9713 -123
9714 -123
9715 -123
9716 -123
9717 -123
9718 -123
9719 -123
9720 -123
9721 -123
9722 -123
9723 -123
9724 -123
9725 -123
9726 -123
9727 -123
9728 -123
9729 -123
9730 -123
9731 -123
9732 -123
9733 -123
9734 -123
9735 -123
9736 -123
9737 -123
9738 -123
9739 -123
9740 -123
9741 -123
9742 -123
9743 -123
9744 -123
9745 -123
9746 -123
9747 -123
9748 -123
9749 -123
9750 -123
9751 -123
9752 -123
9753 -123
9754 -123
9755 -123
9756 -123
9757 -123
9758 -123
9759 -123
9760 -123
9761 -123
9762 -123
9763 -123
9764 -123
9765 -123
9766 -123
9767 -123
9768 -123
9769 -123
9770 -123
9771 -123
9772 -123
9773 -123
9774 -123
9775 -123
9776 -123
9777 -123
9778 -123
9779 -123
9780 -123
9781 -123
9782 -123
9783 -123
9784 -123
9785 -123
9786 -123
9787 -123
9788 -123
9789 -123
9790 -123
9791 -123
9792 -123
9793 -123
9794 -123
9795 -123
9796 -123
9797 -123
9798 -123
9799 -123
9800 -123
9801 -123
9802 -123
9803 -123
9804 -123
9805 -123
9806 -123
9807 -123
9808 -123
9809 -123
9810 -123
9811 -123
9812 -123
9813 -123
9814 -123
9815 -123
9816 -123
9817 -123
9818 -123
9819 -123
9820 -123
9821 -123
9822 -123
9823 -123
9824 -123
9825 -123
9826 -123
9827 -123
9828 -123
9829 -123
9830 -123
9831 -123
9832 -123
9833 -123
9834 -123
9835 -123
9836 -123
9837 -123
9838 -123
9839 -123
9840 -123
9841 -123
9842 -123
9843 -123
9844 -123
9845 -123
9846 -123
9847 -123
9848 -123
9849 -123
9850 -123
9851 -123
9852 -123
9853 -123
9854 -123
9855 -123
9856 -123
9857 -123
9858 -123
9859 -123
9860 -123
9861 -123
9862 -123
9863 -123
9864 -123
9865 -123
9866 -123
9867 -123
9868 -123
9869 -123
9870 -123
9871 -123
9872 -123
9873 -123
9874 -123
9875 -123
9876 -123
9877 -123
9878 -123
9879 -123
9880 -123
9881 -123
9882 -123
9883 -123
9884 -123
9885 -123
9886 -123
9887 -123
9888 -123
9889 -123
9890 -123
9891 -123
9892 -123
9893 -123
9894 -123
9895 -123
9896 -123
9897 -123
9898 -123
9899 -123
9900 -123
9901 -123
9902 -123
9903 -123
9904 -123
9905 -123
9906 -123
9907 -123
9908 -123
9909 -123
9910 -123
9911 -123
9912 -123
9913 -123
9914 -123
9915 -123
9916 -123
9917 -123
9918 -123
9919 -123
9920 -123
9921 -123
9922 -123
9923 -123
9924 -123
9925 -123
9926 -123
9927 -123
9928 -123
9929 -123
9930 -123
9931 -123
9932 -123
9933 -123
9934 -123
9935 -123
9936 -123
9937 -123
9938 -123
9939 -123
9940 -123
9941 -123
9942 -123
9943 -123
9944 -123
9945 -123
9946 -123
9947 -123
9948 -123
9949 -123
9950 -123
9951 -123
9952 -123
9953 -123
9954 -123
9955 -123
9956 -123
9957 -123
9958 -123
9959 -123
9960 -123
9961 -123
9962 -123
9963 -123
9964 -123
9965 -123
9966 -123
9967 -123
9968 -123
9969 -123
9970 -123
9971 -123
9972 -123
9973 -123
9974 -123
9975 -123
9976 -123
9977 -123
9978 -123
9979 -123
9980 -123
9981 -123
9982 -123
9983 -123
9984 -123
9985 -123
9986 -123
9987 -123
9988 -123
9989 -123
9990 -123
9991 -123
9992 -123
9993 -123
9994 -123
9995 -123
9996 -123
9997 -123
9998 -123
9999 -123
10000 -123
